1	07:53:01.530	MQL5.community: authorization failed
2	09:54:33.637	Custom indicator AIMS Levels V2 EURUSD,M15: removed
2	09:54:33.637	Custom indicator AIMS Entry Alert V1 EURUSD,M15: removed
2	09:54:33.639	Custom indicator CandleTimer EURUSD,M15: removed
2	09:54:33.764	Custom indicator #Signal_Bars_v6 EURUSD,M15: removed
2	09:54:33.766	Custom indicator TrendEnvelopes_v1 EURUSD,M15: removed
2	09:54:33.783	Custom indicator guppy_multiple_moving_averages EURUSD,M15: removed
2	09:54:33.836	Custom indicator wedges EURUSD,M15: removed
2	09:54:33.837	Custom indicator AIMS AO V.2.1 EURUSD,M15: removed
2	09:54:33.882	Custom indicator IVT_MACD_ZERO_LAG EURUSD,M15: removed
2	09:54:33.899	Custom indicator RSI Divergence Levels EURUSD,M15: removed
2	09:54:33.916	Custom indicator JoeChalhoub_FXForecasterV1 EURUSD,M15: removed
2	09:54:33.941	Custom indicator AIMS Levels V2 [CAC40],M15: removed
2	09:54:33.941	Custom indicator AIMS Entry Alert V1 [CAC40],M15: removed
2	09:54:33.943	Custom indicator CandleTimer [CAC40],M15: removed
2	09:54:33.943	Custom indicator #Signal_Bars_v6 [CAC40],M15: removed
2	09:54:33.944	Custom indicator TrendEnvelopes_v1 [CAC40],M15: removed
2	09:54:33.962	Custom indicator guppy_multiple_moving_averages [CAC40],M15: removed
2	09:54:33.990	Custom indicator wedges [CAC40],M15: removed
2	09:54:33.999	Custom indicator AIMS AO V.2.1 [CAC40],M15: removed
2	09:54:34.014	Custom indicator IVT_MACD_ZERO_LAG [CAC40],M15: removed
2	09:54:34.019	Custom indicator RSI Divergence Levels [CAC40],M15: removed
2	09:54:34.026	Custom indicator JoeChalhoub_FXForecasterV1 [CAC40],M15: removed
2	09:54:34.067	Custom indicator CandleTimer [DAX30],H1: removed
2	09:54:34.073	Custom indicator ZigZag NZDJPY,M5: removed
2	09:54:34.075	Custom indicator 123Breakout-Scanner NZDJPY,M5: removed
2	09:54:34.076	Custom indicator RSI NZDJPY,M5: removed
2	09:54:34.078	Custom indicator AIMS Levels V2 EURNZD,M30: removed
2	09:54:34.078	Custom indicator AIMS Entry Alert V1 EURNZD,M30: removed
2	09:54:34.079	Custom indicator CandleTimer EURNZD,M30: removed
2	09:54:34.097	Custom indicator #Signal_Bars_v6 EURNZD,M30: removed
2	09:54:34.098	Custom indicator TrendEnvelopes_v1 EURNZD,M30: removed
2	09:54:34.113	Custom indicator guppy_multiple_moving_averages EURNZD,M30: removed
2	09:54:34.133	Custom indicator wedges EURNZD,M30: removed
2	09:54:34.143	Custom indicator AIMS AO V.2.1 EURNZD,M30: removed
2	09:54:34.151	Custom indicator IVT_MACD_ZERO_LAG EURNZD,M30: removed
2	09:54:34.164	Custom indicator RSI Divergence Levels EURNZD,M30: removed
2	09:54:34.187	Custom indicator JoeChalhoub_FXForecasterV1 EURNZD,M30: removed
2	09:54:34.204	Custom indicator AIMS Levels V2 GOLD,M15: removed
2	09:54:34.205	Custom indicator AIMS Entry Alert V1 GOLD,M15: removed
2	09:54:34.207	Custom indicator CandleTimer GOLD,M15: removed
2	09:54:34.208	Custom indicator #Signal_Bars_v6 GOLD,M15: removed
2	09:54:34.209	Custom indicator TrendEnvelopes_v1 GOLD,M15: removed
2	09:54:34.219	Custom indicator guppy_multiple_moving_averages GOLD,M15: removed
2	09:54:34.246	Custom indicator wedges GOLD,M15: removed
2	09:54:34.246	Custom indicator AIMS AO V.2.1 GOLD,M15: removed
2	09:54:34.261	Custom indicator IVT_MACD_ZERO_LAG GOLD,M15: removed
2	09:54:34.279	Custom indicator RSI Divergence Levels GOLD,M15: removed
2	09:54:34.293	Custom indicator JoeChalhoub_FXForecasterV1 GOLD,M15: removed
2	09:54:34.327	Custom indicator #P4L CandleTime EURUSD,M15: removed
2	09:54:34.329	Custom indicator #VISUAL ORDERS EURUSD,M15: removed
2	09:54:34.330	Custom indicator GG-TrendBar EURUSD,M15: removed
2	09:54:34.331	Custom indicator HighLight_Pins EURUSD,M15: removed
2	09:54:34.332	Custom indicator 7-21-55-h2 EURUSD,M15: removed
2	09:54:34.347	Custom indicator zigzagtriad-mtf+alerts EURUSD,M15: removed
2	09:54:34.364	Custom indicator SHI-SIGNAL EURUSD,M15: removed
2	09:54:34.365	Custom indicator T3_08_2Color EURUSD,M15: removed
2	09:54:34.371	Custom indicator #LURCH_SRv5 EURUSD,M15: removed
2	09:54:34.372	Custom indicator Semafor+123Triangles EURUSD,M15: removed
2	09:54:34.372	Custom indicator TrendLineChannel WC_NLR EURUSD,M15: removed
2	09:54:34.372	Custom indicator #4X 2011 XARD GOLDBANDS 2B EURUSD,M15: removed
2	09:54:34.382	Custom indicator #4X 2011 XARD GOLDBANDS 2B EURUSD,M15: removed
2	09:54:34.385	Custom indicator Trend Signal EURUSD,M15: removed
2	09:54:34.386	Custom indicator CCI_NUF_v4 mod~ EURUSD,M15: removed
2	09:54:34.388	Custom indicator SFET_V_PODVALE EURUSD,M15: removed
2	09:54:34.388	Custom indicator ProfitableStrategy_1 EURUSD,M15: removed
2	09:54:34.439	Expert Admiral - Mini Terminal GBPAUD,Daily: removed
2	09:54:34.439	Custom indicator AIMS Levels V2 GBPAUD,Daily: removed
2	09:54:34.440	Custom indicator AIMS Entry Alert V1 GBPAUD,Daily: removed
2	09:54:34.441	Custom indicator CandleTimer GBPAUD,Daily: removed
2	09:54:34.441	Custom indicator #Signal_Bars_v6 GBPAUD,Daily: removed
2	09:54:34.442	Custom indicator TrendEnvelopes_v1 GBPAUD,Daily: removed
2	09:54:34.451	Custom indicator guppy_multiple_moving_averages GBPAUD,Daily: removed
2	09:54:34.526	Custom indicator wedges GBPAUD,Daily: removed
2	09:54:34.526	Custom indicator AIMS AO V.2.1 GBPAUD,Daily: removed
2	09:54:34.561	Custom indicator IVT_MACD_ZERO_LAG GBPAUD,Daily: removed
2	09:54:34.563	Custom indicator RSI Divergence Levels GBPAUD,Daily: removed
2	09:54:34.588	Custom indicator JoeChalhoub_FXForecasterV1 GBPAUD,Daily: removed
2	09:54:34.618	Expert Admiral - Mini Terminal CADJPY,M15: removed
2	09:54:34.619	Custom indicator AIMS Levels V2 CADJPY,M15: removed
2	09:54:34.620	Custom indicator AIMS Entry Alert V1 CADJPY,M15: removed
2	09:54:34.621	Custom indicator CandleTimer CADJPY,M15: removed
2	09:54:34.622	Custom indicator #Signal_Bars_v6 CADJPY,M15: removed
2	09:54:34.623	Custom indicator TrendEnvelopes_v1 CADJPY,M15: removed
2	09:54:34.633	Custom indicator guppy_multiple_moving_averages CADJPY,M15: removed
2	09:54:34.661	Custom indicator wedges CADJPY,M15: removed
2	09:54:34.674	Custom indicator AIMS AO V.2.1 CADJPY,M15: removed
2	09:54:34.687	Custom indicator IVT_MACD_ZERO_LAG CADJPY,M15: removed
2	09:54:34.694	Custom indicator RSI Divergence Levels CADJPY,M15: removed
2	09:54:34.704	Custom indicator JoeChalhoub_FXForecasterV1 CADJPY,M15: removed
2	09:54:34.747	Expert Admiral - Mini Terminal USDCAD,M15: removed
2	09:54:34.749	Custom indicator AIMS Levels V2 USDCAD,M15: removed
2	09:54:34.750	Custom indicator AIMS Entry Alert V1 USDCAD,M15: removed
2	09:54:34.751	Custom indicator CandleTimer USDCAD,M15: removed
2	09:54:34.765	Custom indicator #Signal_Bars_v6 USDCAD,M15: removed
2	09:54:34.767	Custom indicator TrendEnvelopes_v1 USDCAD,M15: removed
2	09:54:34.779	Custom indicator guppy_multiple_moving_averages USDCAD,M15: removed
2	09:54:34.802	Custom indicator wedges USDCAD,M15: removed
2	09:54:34.803	Custom indicator AIMS AO V.2.1 USDCAD,M15: removed
2	09:54:34.849	Custom indicator IVT_MACD_ZERO_LAG USDCAD,M15: removed
2	09:54:34.860	Custom indicator RSI Divergence Levels USDCAD,M15: removed
2	09:54:34.877	Custom indicator JoeChalhoub_FXForecasterV1 USDCAD,M15: removed
2	09:54:34.882	Expert Admiral - Mini Terminal NZDCAD,M15: removed
2	09:54:34.883	Custom indicator AIMS Levels V2 NZDCAD,M15: removed
2	09:54:34.884	Custom indicator AIMS Entry Alert V1 NZDCAD,M15: removed
2	09:54:34.885	Custom indicator CandleTimer NZDCAD,M15: removed
2	09:54:34.887	Custom indicator #Signal_Bars_v6 NZDCAD,M15: removed
2	09:54:34.888	Custom indicator TrendEnvelopes_v1 NZDCAD,M15: removed
2	09:54:34.905	Custom indicator guppy_multiple_moving_averages NZDCAD,M15: removed
2	09:54:34.906	Custom indicator wedges NZDCAD,M15: removed
2	09:54:34.907	Custom indicator AIMS AO V.2.1 NZDCAD,M15: removed
2	09:54:34.913	Custom indicator IVT_MACD_ZERO_LAG NZDCAD,M15: removed
2	09:54:34.928	Custom indicator RSI Divergence Levels NZDCAD,M15: removed
2	09:54:34.931	Custom indicator JoeChalhoub_FXForecasterV1 NZDCAD,M15: removed
2	09:54:34.948	Custom indicator AIMS Levels V2 WTI,M15: removed
2	09:54:34.954	Custom indicator AIMS Entry Alert V1 WTI,M15: removed
2	09:54:34.955	Custom indicator CandleTimer WTI,M15: removed
2	09:54:34.957	Custom indicator #Signal_Bars_v6 WTI,M15: removed
2	09:54:34.958	Custom indicator TrendEnvelopes_v1 WTI,M15: removed
2	09:54:34.971	Custom indicator guppy_multiple_moving_averages WTI,M15: removed
2	09:54:34.988	Custom indicator wedges WTI,M15: removed
2	09:54:34.988	Custom indicator AIMS AO V.2.1 WTI,M15: removed
2	09:54:35.000	Custom indicator IVT_MACD_ZERO_LAG WTI,M15: removed
2	09:54:35.002	Custom indicator RSI Divergence Levels WTI,M15: removed
2	09:54:35.004	Custom indicator JoeChalhoub_FXForecasterV1 WTI,M15: removed
2	09:54:35.016	Custom indicator AIMS Levels V2 GBPNZD,M15: removed
2	09:54:35.030	Custom indicator AIMS Entry Alert V1 GBPNZD,M15: removed
2	09:54:35.032	Custom indicator CandleTimer GBPNZD,M15: removed
2	09:54:35.040	Custom indicator #Signal_Bars_v6 GBPNZD,M15: removed
2	09:54:35.041	Custom indicator TrendEnvelopes_v1 GBPNZD,M15: removed
2	09:54:35.053	Custom indicator guppy_multiple_moving_averages GBPNZD,M15: removed
2	09:54:35.080	Custom indicator wedges GBPNZD,M15: removed
2	09:54:35.080	Custom indicator AIMS AO V.2.1 GBPNZD,M15: removed
2	09:54:35.083	Custom indicator IVT_MACD_ZERO_LAG GBPNZD,M15: removed
2	09:54:35.088	Custom indicator RSI Divergence Levels GBPNZD,M15: removed
2	09:54:35.092	Custom indicator JoeChalhoub_FXForecasterV1 GBPNZD,M15: removed
2	09:54:35.111	Custom indicator AIMS Levels V2 EURNZD,H1: removed
2	09:54:35.111	Custom indicator AIMS Entry Alert V1 EURNZD,H1: removed
2	09:54:35.112	Custom indicator CandleTimer EURNZD,H1: removed
2	09:54:35.113	Custom indicator #Signal_Bars_v6 EURNZD,H1: removed
2	09:54:35.115	Custom indicator TrendEnvelopes_v1 EURNZD,H1: removed
2	09:54:35.133	Custom indicator guppy_multiple_moving_averages EURNZD,H1: removed
2	09:54:35.141	Custom indicator wedges EURNZD,H1: removed
2	09:54:35.141	Custom indicator AIMS AO V.2.1 EURNZD,H1: removed
2	09:54:35.163	Custom indicator IVT_MACD_ZERO_LAG EURNZD,H1: removed
2	09:54:35.185	Custom indicator RSI Divergence Levels EURNZD,H1: removed
2	09:54:35.187	Custom indicator JoeChalhoub_FXForecasterV1 EURNZD,H1: removed
2	09:54:35.238	Custom indicator AIMS Levels V2 EURAUD,H1: removed
2	09:54:35.238	Custom indicator AIMS Entry Alert V1 EURAUD,H1: removed
2	09:54:35.240	Custom indicator CandleTimer EURAUD,H1: removed
2	09:54:35.240	Custom indicator #Signal_Bars_v6 EURAUD,H1: removed
2	09:54:35.241	Custom indicator TrendEnvelopes_v1 EURAUD,H1: removed
2	09:54:35.243	Custom indicator guppy_multiple_moving_averages EURAUD,H1: removed
2	09:54:35.244	Custom indicator wedges EURAUD,H1: removed
2	09:54:35.250	Custom indicator AIMS AO V.2.1 EURAUD,H1: removed
2	09:54:35.317	Custom indicator IVT_MACD_ZERO_LAG EURAUD,H1: removed
2	09:54:35.338	Custom indicator RSI Divergence Levels EURAUD,H1: removed
2	09:54:35.355	Custom indicator JoeChalhoub_FXForecasterV1 EURAUD,H1: removed
2	09:54:35.359	Custom indicator AIMS Levels V2 USDCHF,H1: removed
2	09:54:35.368	Custom indicator AIMS Entry Alert V1 USDCHF,H1: removed
2	09:54:35.370	Custom indicator CandleTimer USDCHF,H1: removed
2	09:54:35.371	Custom indicator #Signal_Bars_v6 USDCHF,H1: removed
2	09:54:35.372	Custom indicator TrendEnvelopes_v1 USDCHF,H1: removed
2	09:54:35.410	Custom indicator guppy_multiple_moving_averages USDCHF,H1: removed
2	09:54:35.473	Custom indicator wedges USDCHF,H1: removed
2	09:54:35.527	Custom indicator AIMS AO V.2.1 USDCHF,H1: removed
2	09:54:35.552	Custom indicator IVT_MACD_ZERO_LAG USDCHF,H1: removed
2	09:54:35.617	Custom indicator RSI Divergence Levels USDCHF,H1: removed
2	09:54:35.662	Custom indicator JoeChalhoub_FXForecasterV1 USDCHF,H1: removed
2	09:54:35.666	Custom indicator AIMS Levels V2 NZDUSD,H1: removed
2	09:54:35.666	Custom indicator AIMS Entry Alert V1 NZDUSD,H1: removed
2	09:54:35.667	Custom indicator CandleTimer NZDUSD,H1: removed
2	09:54:35.688	Custom indicator #Signal_Bars_v6 NZDUSD,H1: removed
2	09:54:35.689	Custom indicator TrendEnvelopes_v1 NZDUSD,H1: removed
2	09:54:35.691	Custom indicator wedges NZDUSD,H1: removed
2	09:54:35.700	Custom indicator AIMS AO V.2.1 NZDUSD,H1: removed
2	09:54:35.712	Custom indicator IVT_MACD_ZERO_LAG NZDUSD,H1: removed
2	09:54:35.716	Custom indicator RSI Divergence Levels NZDUSD,H1: removed
2	09:54:35.720	Custom indicator JoeChalhoub_FXForecasterV1 NZDUSD,H1: removed
2	09:54:35.797	Custom indicator CandleTimer [NQ100],H1: removed
2	09:54:35.811	Custom indicator ZigZag [DJI30],M15: removed
2	09:54:35.813	Custom indicator 123Breakout-Scanner [DJI30],M15: removed
2	09:54:35.814	Custom indicator RSI [DJI30],M15: removed
2	09:54:35.818	Expert Admiral - Mini Terminal ETHUSD,H1: removed
2	09:54:35.819	Custom indicator AIMS Levels V2 ETHUSD,H1: removed
2	09:54:35.820	Custom indicator AIMS Entry Alert V1 ETHUSD,H1: removed
2	09:54:35.821	Custom indicator CandleTimer ETHUSD,H1: removed
2	09:54:35.821	Custom indicator #Signal_Bars_v6 ETHUSD,H1: removed
2	09:54:35.822	Custom indicator TrendEnvelopes_v1 ETHUSD,H1: removed
2	09:54:35.823	Custom indicator guppy_multiple_moving_averages ETHUSD,H1: removed
2	09:54:35.838	Custom indicator wedges ETHUSD,H1: removed
2	09:54:35.838	Custom indicator AIMS AO V.2.1 ETHUSD,H1: removed
2	09:54:35.840	Custom indicator IVT_MACD_ZERO_LAG ETHUSD,H1: removed
2	09:54:35.841	Custom indicator RSI Divergence Levels ETHUSD,H1: removed
2	09:54:35.843	Custom indicator JoeChalhoub_FXForecasterV1 ETHUSD,H1: removed
2	09:54:35.848	Custom indicator AIMS Levels V2 EURJPY,H1: removed
2	09:54:35.848	Custom indicator AIMS Entry Alert V1 EURJPY,H1: removed
2	09:54:35.850	Custom indicator CandleTimer EURJPY,H1: removed
2	09:54:35.850	Custom indicator #Signal_Bars_v6 EURJPY,H1: removed
2	09:54:35.851	Custom indicator TrendEnvelopes_v1 EURJPY,H1: removed
2	09:54:35.855	Custom indicator guppy_multiple_moving_averages EURJPY,H1: removed
2	09:54:35.863	Custom indicator wedges EURJPY,H1: removed
2	09:54:35.873	Custom indicator AIMS AO V.2.1 EURJPY,H1: removed
2	09:54:35.886	Custom indicator IVT_MACD_ZERO_LAG EURJPY,H1: removed
2	09:54:35.907	Custom indicator RSI Divergence Levels EURJPY,H1: removed
2	09:54:35.913	Custom indicator JoeChalhoub_FXForecasterV1 EURJPY,H1: removed
2	09:54:35.918	Custom indicator AIMS Levels V2 GOLD,H1: removed
2	09:54:35.932	Custom indicator AIMS Entry Alert V1 GOLD,H1: removed
2	09:54:35.934	Custom indicator CandleTimer GOLD,H1: removed
2	09:54:35.935	Custom indicator #Signal_Bars_v6 GOLD,H1: removed
2	09:54:35.937	Custom indicator TrendEnvelopes_v1 GOLD,H1: removed
2	09:54:35.968	Custom indicator guppy_multiple_moving_averages GOLD,H1: removed
2	09:54:35.988	Custom indicator wedges GOLD,H1: removed
2	09:54:35.989	Custom indicator AIMS AO V.2.1 GOLD,H1: removed
2	09:54:36.001	Custom indicator IVT_MACD_ZERO_LAG GOLD,H1: removed
2	09:54:36.009	Custom indicator RSI Divergence Levels GOLD,H1: removed
2	09:54:36.015	Custom indicator JoeChalhoub_FXForecasterV1 GOLD,H1: removed
2	09:54:36.022	Custom indicator AIMS Levels V2 EURAUD,M5: removed
2	09:54:36.034	Custom indicator AIMS Entry Alert V1 EURAUD,M5: removed
2	09:54:36.036	Custom indicator CandleTimer EURAUD,M5: removed
2	09:54:36.056	Custom indicator #Signal_Bars_v6 EURAUD,M5: removed
2	09:54:36.058	Custom indicator TrendEnvelopes_v1 EURAUD,M5: removed
2	09:54:36.066	Custom indicator guppy_multiple_moving_averages EURAUD,M5: removed
2	09:54:36.128	Custom indicator wedges EURAUD,M5: removed
2	09:54:36.143	Custom indicator AIMS AO V.2.1 EURAUD,M5: removed
2	09:54:36.151	Custom indicator IVT_MACD_ZERO_LAG EURAUD,M5: removed
2	09:54:36.197	Custom indicator RSI Divergence Levels EURAUD,M5: removed
2	09:54:36.213	Custom indicator JoeChalhoub_FXForecasterV1 EURAUD,M5: removed
2	09:54:36.271	Custom indicator AIMS Levels V2 CADCHF,H1: removed
2	09:54:36.271	Custom indicator AIMS Entry Alert V1 CADCHF,H1: removed
2	09:54:36.272	Custom indicator CandleTimer CADCHF,H1: removed
2	09:54:36.272	Custom indicator #Signal_Bars_v6 CADCHF,H1: removed
2	09:54:36.273	Custom indicator TrendEnvelopes_v1 CADCHF,H1: removed
2	09:54:36.278	Custom indicator guppy_multiple_moving_averages CADCHF,H1: removed
2	09:54:36.286	Custom indicator wedges CADCHF,H1: removed
2	09:54:36.290	Custom indicator AIMS AO V.2.1 CADCHF,H1: removed
2	09:54:36.291	Custom indicator IVT_MACD_ZERO_LAG CADCHF,H1: removed
2	09:54:36.324	Custom indicator RSI Divergence Levels CADCHF,H1: removed
2	09:54:36.328	Custom indicator JoeChalhoub_FXForecasterV1 CADCHF,H1: removed
2	09:54:36.352	Custom indicator AIMS Levels V2 AUDNZD,H1: removed
2	09:54:36.381	Custom indicator AIMS Entry Alert V1 AUDNZD,H1: removed
2	09:54:36.382	Custom indicator CandleTimer AUDNZD,H1: removed
2	09:54:36.411	Custom indicator #Signal_Bars_v6 AUDNZD,H1: removed
2	09:54:36.413	Custom indicator TrendEnvelopes_v1 AUDNZD,H1: removed
2	09:54:36.416	Custom indicator guppy_multiple_moving_averages AUDNZD,H1: removed
2	09:54:36.417	Custom indicator wedges AUDNZD,H1: removed
2	09:54:36.418	Custom indicator AIMS AO V.2.1 AUDNZD,H1: removed
2	09:54:36.419	Custom indicator IVT_MACD_ZERO_LAG AUDNZD,H1: removed
2	09:54:36.420	Custom indicator RSI Divergence Levels AUDNZD,H1: removed
2	09:54:36.422	Custom indicator JoeChalhoub_FXForecasterV1 AUDNZD,H1: removed
0	09:54:37.154	Admiral Markets build 1280 stopped
0	10:12:14.687	Admiral Markets build 1280 started (Admiral Markets Group AS)
0	10:12:14.687	Windows 10 Pro x64, IE 11, UAC, 8 x Intel Core i7-10510U  @ 1.80GHz, Memory: 2084 / 8014 Mb, Disk: 16 / 237 Gb, GMT+3
0	10:12:14.687	Data Folder: C:\Users\SRIE\AppData\Roaming\MetaQuotes\Terminal\51337600F56B69473E15EAFB8A7586B4
2	10:12:17.592	Custom indicator AIMS Levels V2 EURUSD,M15: loaded successfully
2	10:12:17.653	Custom indicator AIMS Entry Alert V1 EURUSD,M15: loaded successfully
2	10:12:17.660	Custom indicator CandleTimer EURUSD,M15: loaded successfully
2	10:12:17.721	Custom indicator #Signal_Bars_v6 EURUSD,M15: loaded successfully
2	10:12:17.727	Custom indicator TrendEnvelopes_v1 EURUSD,M15: loaded successfully
2	10:12:17.734	Custom indicator guppy_multiple_moving_averages EURUSD,M15: loaded successfully
2	10:12:17.741	Custom indicator wedges EURUSD,M15: loaded successfully
2	10:12:17.798	Custom indicator AIMS AO V.2.1 EURUSD,M15: loaded successfully
2	10:12:17.805	Custom indicator IVT_MACD_ZERO_LAG EURUSD,M15: loaded successfully
2	10:12:17.811	Custom indicator RSI Divergence Levels EURUSD,M15: loaded successfully
2	10:12:17.818	Custom indicator JoeChalhoub_FXForecasterV1 EURUSD,M15: loaded successfully
2	10:12:18.054	Custom indicator AIMS Levels V2 [CAC40],M15: loaded successfully
2	10:12:18.112	Custom indicator AIMS Entry Alert V1 [CAC40],M15: loaded successfully
2	10:12:18.119	Custom indicator CandleTimer [CAC40],M15: loaded successfully
2	10:12:18.178	Custom indicator #Signal_Bars_v6 [CAC40],M15: loaded successfully
2	10:12:18.184	Custom indicator TrendEnvelopes_v1 [CAC40],M15: loaded successfully
2	10:12:18.191	Custom indicator guppy_multiple_moving_averages [CAC40],M15: loaded successfully
2	10:12:18.197	Custom indicator wedges [CAC40],M15: loaded successfully
2	10:12:18.256	Custom indicator AIMS AO V.2.1 [CAC40],M15: loaded successfully
2	10:12:18.263	Custom indicator IVT_MACD_ZERO_LAG [CAC40],M15: loaded successfully
2	10:12:18.270	Custom indicator RSI Divergence Levels [CAC40],M15: loaded successfully
2	10:12:18.277	Custom indicator JoeChalhoub_FXForecasterV1 [CAC40],M15: loaded successfully
2	10:12:18.370	Custom indicator CandleTimer [DAX30],H1: loaded successfully
2	10:12:18.400	Custom indicator ZigZag NZDJPY,M5: loaded successfully
2	10:12:18.408	Custom indicator 123Breakout-Scanner NZDJPY,M5: loaded successfully
2	10:12:18.415	Custom indicator RSI NZDJPY,M5: loaded successfully
2	10:12:19.307	Custom indicator AIMS Levels V2 EURNZD,M30: loaded successfully
2	10:12:19.366	Custom indicator AIMS Entry Alert V1 EURNZD,M30: loaded successfully
2	10:12:19.372	Custom indicator CandleTimer EURNZD,M30: loaded successfully
2	10:12:19.429	Custom indicator #Signal_Bars_v6 EURNZD,M30: loaded successfully
2	10:12:19.436	Custom indicator TrendEnvelopes_v1 EURNZD,M30: loaded successfully
2	10:12:19.443	Custom indicator guppy_multiple_moving_averages EURNZD,M30: loaded successfully
2	10:12:19.449	Custom indicator wedges EURNZD,M30: loaded successfully
2	10:12:19.507	Custom indicator AIMS AO V.2.1 EURNZD,M30: loaded successfully
2	10:12:19.513	Custom indicator IVT_MACD_ZERO_LAG EURNZD,M30: loaded successfully
2	10:12:19.520	Custom indicator RSI Divergence Levels EURNZD,M30: loaded successfully
2	10:12:19.527	Custom indicator JoeChalhoub_FXForecasterV1 EURNZD,M30: loaded successfully
2	10:12:19.680	Custom indicator AIMS Levels V2 GOLD,M15: loaded successfully
2	10:12:19.739	Custom indicator AIMS Entry Alert V1 GOLD,M15: loaded successfully
2	10:12:19.745	Custom indicator CandleTimer GOLD,M15: loaded successfully
2	10:12:19.803	Custom indicator #Signal_Bars_v6 GOLD,M15: loaded successfully
2	10:12:19.810	Custom indicator TrendEnvelopes_v1 GOLD,M15: loaded successfully
2	10:12:19.817	Custom indicator guppy_multiple_moving_averages GOLD,M15: loaded successfully
2	10:12:19.823	Custom indicator wedges GOLD,M15: loaded successfully
2	10:12:19.883	Custom indicator AIMS AO V.2.1 GOLD,M15: loaded successfully
2	10:12:19.889	Custom indicator IVT_MACD_ZERO_LAG GOLD,M15: loaded successfully
2	10:12:19.896	Custom indicator RSI Divergence Levels GOLD,M15: loaded successfully
2	10:12:19.904	Custom indicator JoeChalhoub_FXForecasterV1 GOLD,M15: loaded successfully
2	10:12:20.058	Custom indicator #P4L CandleTime EURUSD,M15: loaded successfully
2	10:12:20.064	Custom indicator #VISUAL ORDERS EURUSD,M15: loaded successfully
2	10:12:20.070	Custom indicator GG-TrendBar EURUSD,M15: loaded successfully
2	10:12:20.075	Custom indicator HighLight_Pins EURUSD,M15: loaded successfully
2	10:12:20.081	Custom indicator 7-21-55-h2 EURUSD,M15: loaded successfully
2	10:12:20.129	Custom indicator zigzagtriad-mtf+alerts EURUSD,M15: loaded successfully
2	10:12:20.134	Custom indicator SHI-SIGNAL EURUSD,M15: loaded successfully
2	10:12:20.140	Custom indicator T3_08_2Color EURUSD,M15: loaded successfully
2	10:12:20.146	Custom indicator #LURCH_SRv5 EURUSD,M15: loaded successfully
2	10:12:20.151	Custom indicator Semafor+123Triangles EURUSD,M15: loaded successfully
2	10:12:20.205	Custom indicator TrendLineChannel WC_NLR EURUSD,M15: loaded successfully
2	10:12:20.264	Custom indicator #4X 2011 XARD GOLDBANDS 2B EURUSD,M15: loaded successfully
2	10:12:20.322	Custom indicator #4X 2011 XARD GOLDBANDS 2B EURUSD,M15: loaded successfully
2	10:12:20.381	Custom indicator Trend Signal EURUSD,M15: loaded successfully
2	10:12:20.387	Custom indicator CCI_NUF_v4 mod~ EURUSD,M15: loaded successfully
2	10:12:20.392	Custom indicator SFET_V_PODVALE EURUSD,M15: loaded successfully
2	10:12:20.449	Custom indicator ProfitableStrategy_1 EURUSD,M15: loaded successfully
2	10:12:20.618	Custom indicator AIMS Levels V2 GBPAUD,Daily: loaded successfully
2	10:12:20.675	Custom indicator AIMS Entry Alert V1 GBPAUD,Daily: loaded successfully
2	10:12:20.681	Custom indicator CandleTimer GBPAUD,Daily: loaded successfully
2	10:12:20.738	Custom indicator #Signal_Bars_v6 GBPAUD,Daily: loaded successfully
2	10:12:20.744	Custom indicator TrendEnvelopes_v1 GBPAUD,Daily: loaded successfully
2	10:12:20.751	Custom indicator guppy_multiple_moving_averages GBPAUD,Daily: loaded successfully
2	10:12:20.757	Custom indicator wedges GBPAUD,Daily: loaded successfully
2	10:12:20.815	Custom indicator AIMS AO V.2.1 GBPAUD,Daily: loaded successfully
2	10:12:20.822	Custom indicator IVT_MACD_ZERO_LAG GBPAUD,Daily: loaded successfully
2	10:12:20.828	Custom indicator RSI Divergence Levels GBPAUD,Daily: loaded successfully
2	10:12:20.836	Custom indicator JoeChalhoub_FXForecasterV1 GBPAUD,Daily: loaded successfully
2	10:12:20.850	Expert Admiral - Mini Terminal GBPAUD,Daily: loaded successfully
2	10:12:20.997	Custom indicator AIMS Levels V2 CADJPY,M15: loaded successfully
2	10:12:21.055	Custom indicator AIMS Entry Alert V1 CADJPY,M15: loaded successfully
2	10:12:21.061	Custom indicator CandleTimer CADJPY,M15: loaded successfully
2	10:12:21.118	Custom indicator #Signal_Bars_v6 CADJPY,M15: loaded successfully
2	10:12:21.125	Custom indicator TrendEnvelopes_v1 CADJPY,M15: loaded successfully
2	10:12:21.132	Custom indicator guppy_multiple_moving_averages CADJPY,M15: loaded successfully
2	10:12:21.138	Custom indicator wedges CADJPY,M15: loaded successfully
2	10:12:21.194	Custom indicator AIMS AO V.2.1 CADJPY,M15: loaded successfully
2	10:12:21.201	Custom indicator IVT_MACD_ZERO_LAG CADJPY,M15: loaded successfully
2	10:12:21.208	Custom indicator RSI Divergence Levels CADJPY,M15: loaded successfully
2	10:12:21.216	Custom indicator JoeChalhoub_FXForecasterV1 CADJPY,M15: loaded successfully
2	10:12:21.229	Expert Admiral - Mini Terminal CADJPY,M15: loaded successfully
2	10:12:21.393	Custom indicator AIMS Levels V2 USDCAD,M15: loaded successfully
2	10:12:21.450	Custom indicator AIMS Entry Alert V1 USDCAD,M15: loaded successfully
2	10:12:21.456	Custom indicator CandleTimer USDCAD,M15: loaded successfully
2	10:12:21.514	Custom indicator #Signal_Bars_v6 USDCAD,M15: loaded successfully
2	10:12:21.520	Custom indicator TrendEnvelopes_v1 USDCAD,M15: loaded successfully
2	10:12:21.527	Custom indicator guppy_multiple_moving_averages USDCAD,M15: loaded successfully
2	10:12:21.533	Custom indicator wedges USDCAD,M15: loaded successfully
2	10:12:21.590	Custom indicator AIMS AO V.2.1 USDCAD,M15: loaded successfully
2	10:12:21.597	Custom indicator IVT_MACD_ZERO_LAG USDCAD,M15: loaded successfully
2	10:12:21.604	Custom indicator RSI Divergence Levels USDCAD,M15: loaded successfully
2	10:12:21.613	Custom indicator JoeChalhoub_FXForecasterV1 USDCAD,M15: loaded successfully
2	10:12:21.626	Expert Admiral - Mini Terminal USDCAD,M15: loaded successfully
2	10:12:21.778	Custom indicator AIMS Levels V2 NZDCAD,M15: loaded successfully
2	10:12:21.837	Custom indicator AIMS Entry Alert V1 NZDCAD,M15: loaded successfully
2	10:12:21.842	Custom indicator CandleTimer NZDCAD,M15: loaded successfully
2	10:12:21.900	Custom indicator #Signal_Bars_v6 NZDCAD,M15: loaded successfully
2	10:12:21.907	Custom indicator TrendEnvelopes_v1 NZDCAD,M15: loaded successfully
2	10:12:21.912	Custom indicator guppy_multiple_moving_averages NZDCAD,M15: loaded successfully
2	10:12:21.919	Custom indicator wedges NZDCAD,M15: loaded successfully
2	10:12:21.976	Custom indicator AIMS AO V.2.1 NZDCAD,M15: loaded successfully
2	10:12:21.983	Custom indicator IVT_MACD_ZERO_LAG NZDCAD,M15: loaded successfully
2	10:12:21.990	Custom indicator RSI Divergence Levels NZDCAD,M15: loaded successfully
2	10:12:21.997	Custom indicator JoeChalhoub_FXForecasterV1 NZDCAD,M15: loaded successfully
2	10:12:22.009	Expert Admiral - Mini Terminal NZDCAD,M15: loaded successfully
2	10:12:22.158	Custom indicator AIMS Levels V2 WTI,M15: loaded successfully
2	10:12:22.216	Custom indicator AIMS Entry Alert V1 WTI,M15: loaded successfully
2	10:12:22.221	Custom indicator CandleTimer WTI,M15: loaded successfully
2	10:12:22.280	Custom indicator #Signal_Bars_v6 WTI,M15: loaded successfully
2	10:12:22.287	Custom indicator TrendEnvelopes_v1 WTI,M15: loaded successfully
2	10:12:22.293	Custom indicator guppy_multiple_moving_averages WTI,M15: loaded successfully
2	10:12:22.299	Custom indicator wedges WTI,M15: loaded successfully
2	10:12:22.357	Custom indicator AIMS AO V.2.1 WTI,M15: loaded successfully
2	10:12:22.364	Custom indicator IVT_MACD_ZERO_LAG WTI,M15: loaded successfully
2	10:12:22.371	Custom indicator RSI Divergence Levels WTI,M15: loaded successfully
2	10:12:22.378	Custom indicator JoeChalhoub_FXForecasterV1 WTI,M15: loaded successfully
2	10:12:22.533	Custom indicator AIMS Levels V2 GBPNZD,M15: loaded successfully
2	10:12:22.594	Custom indicator AIMS Entry Alert V1 GBPNZD,M15: loaded successfully
2	10:12:22.600	Custom indicator CandleTimer GBPNZD,M15: loaded successfully
2	10:12:22.659	Custom indicator #Signal_Bars_v6 GBPNZD,M15: loaded successfully
2	10:12:22.665	Custom indicator TrendEnvelopes_v1 GBPNZD,M15: loaded successfully
2	10:12:22.671	Custom indicator guppy_multiple_moving_averages GBPNZD,M15: loaded successfully
2	10:12:22.678	Custom indicator wedges GBPNZD,M15: loaded successfully
2	10:12:22.737	Custom indicator AIMS AO V.2.1 GBPNZD,M15: loaded successfully
2	10:12:22.743	Custom indicator IVT_MACD_ZERO_LAG GBPNZD,M15: loaded successfully
2	10:12:22.750	Custom indicator RSI Divergence Levels GBPNZD,M15: loaded successfully
2	10:12:22.758	Custom indicator JoeChalhoub_FXForecasterV1 GBPNZD,M15: loaded successfully
2	10:12:22.907	Custom indicator AIMS Levels V2 EURNZD,H1: loaded successfully
2	10:12:22.965	Custom indicator AIMS Entry Alert V1 EURNZD,H1: loaded successfully
2	10:12:22.970	Custom indicator CandleTimer EURNZD,H1: loaded successfully
2	10:12:23.028	Custom indicator #Signal_Bars_v6 EURNZD,H1: loaded successfully
2	10:12:23.035	Custom indicator TrendEnvelopes_v1 EURNZD,H1: loaded successfully
2	10:12:23.041	Custom indicator guppy_multiple_moving_averages EURNZD,H1: loaded successfully
2	10:12:23.047	Custom indicator wedges EURNZD,H1: loaded successfully
2	10:12:23.106	Custom indicator AIMS AO V.2.1 EURNZD,H1: loaded successfully
2	10:12:23.113	Custom indicator IVT_MACD_ZERO_LAG EURNZD,H1: loaded successfully
2	10:12:23.120	Custom indicator RSI Divergence Levels EURNZD,H1: loaded successfully
2	10:12:23.127	Custom indicator JoeChalhoub_FXForecasterV1 EURNZD,H1: loaded successfully
2	10:12:23.275	Custom indicator AIMS Levels V2 EURAUD,H1: loaded successfully
2	10:12:23.334	Custom indicator AIMS Entry Alert V1 EURAUD,H1: loaded successfully
2	10:12:23.339	Custom indicator CandleTimer EURAUD,H1: loaded successfully
2	10:12:23.396	Custom indicator #Signal_Bars_v6 EURAUD,H1: loaded successfully
2	10:12:23.403	Custom indicator TrendEnvelopes_v1 EURAUD,H1: loaded successfully
2	10:12:23.408	Custom indicator guppy_multiple_moving_averages EURAUD,H1: loaded successfully
2	10:12:23.414	Custom indicator wedges EURAUD,H1: loaded successfully
2	10:12:23.473	Custom indicator AIMS AO V.2.1 EURAUD,H1: loaded successfully
2	10:12:23.479	Custom indicator IVT_MACD_ZERO_LAG EURAUD,H1: loaded successfully
2	10:12:23.486	Custom indicator RSI Divergence Levels EURAUD,H1: loaded successfully
2	10:12:23.494	Custom indicator JoeChalhoub_FXForecasterV1 EURAUD,H1: loaded successfully
2	10:12:23.649	Custom indicator AIMS Levels V2 USDCHF,H1: loaded successfully
2	10:12:23.708	Custom indicator AIMS Entry Alert V1 USDCHF,H1: loaded successfully
2	10:12:23.714	Custom indicator CandleTimer USDCHF,H1: loaded successfully
2	10:12:23.771	Custom indicator #Signal_Bars_v6 USDCHF,H1: loaded successfully
2	10:12:23.778	Custom indicator TrendEnvelopes_v1 USDCHF,H1: loaded successfully
2	10:12:23.784	Custom indicator guppy_multiple_moving_averages USDCHF,H1: loaded successfully
2	10:12:23.790	Custom indicator wedges USDCHF,H1: loaded successfully
2	10:12:23.848	Custom indicator AIMS AO V.2.1 USDCHF,H1: loaded successfully
2	10:12:23.854	Custom indicator IVT_MACD_ZERO_LAG USDCHF,H1: loaded successfully
2	10:12:23.862	Custom indicator RSI Divergence Levels USDCHF,H1: loaded successfully
2	10:12:23.869	Custom indicator JoeChalhoub_FXForecasterV1 USDCHF,H1: loaded successfully
2	10:12:24.019	Custom indicator AIMS Levels V2 NZDUSD,H1: loaded successfully
2	10:12:24.077	Custom indicator AIMS Entry Alert V1 NZDUSD,H1: loaded successfully
2	10:12:24.083	Custom indicator CandleTimer NZDUSD,H1: loaded successfully
2	10:12:24.141	Custom indicator #Signal_Bars_v6 NZDUSD,H1: loaded successfully
2	10:12:24.148	Custom indicator TrendEnvelopes_v1 NZDUSD,H1: loaded successfully
2	10:12:24.154	Custom indicator wedges NZDUSD,H1: loaded successfully
2	10:12:24.211	Custom indicator AIMS AO V.2.1 NZDUSD,H1: loaded successfully
2	10:12:24.219	Custom indicator IVT_MACD_ZERO_LAG NZDUSD,H1: loaded successfully
2	10:12:24.226	Custom indicator RSI Divergence Levels NZDUSD,H1: loaded successfully
2	10:12:24.233	Custom indicator JoeChalhoub_FXForecasterV1 NZDUSD,H1: loaded successfully
2	10:12:24.332	Custom indicator CandleTimer [NQ100],H1: loaded successfully
2	10:12:24.358	Custom indicator ZigZag [DJI30],M15: loaded successfully
2	10:12:24.366	Custom indicator 123Breakout-Scanner [DJI30],M15: loaded successfully
2	10:12:24.373	Custom indicator RSI [DJI30],M15: loaded successfully
2	10:12:24.473	Custom indicator AIMS Levels V2 ETHUSD,H1: loaded successfully
2	10:12:24.532	Custom indicator AIMS Entry Alert V1 ETHUSD,H1: loaded successfully
2	10:12:24.537	Custom indicator CandleTimer ETHUSD,H1: loaded successfully
2	10:12:24.594	Custom indicator #Signal_Bars_v6 ETHUSD,H1: loaded successfully
2	10:12:24.601	Custom indicator TrendEnvelopes_v1 ETHUSD,H1: loaded successfully
2	10:12:24.607	Custom indicator guppy_multiple_moving_averages ETHUSD,H1: loaded successfully
2	10:12:24.615	Custom indicator wedges ETHUSD,H1: loaded successfully
2	10:12:24.675	Custom indicator AIMS AO V.2.1 ETHUSD,H1: loaded successfully
2	10:12:24.682	Custom indicator IVT_MACD_ZERO_LAG ETHUSD,H1: loaded successfully
2	10:12:24.689	Custom indicator RSI Divergence Levels ETHUSD,H1: loaded successfully
2	10:12:24.697	Custom indicator JoeChalhoub_FXForecasterV1 ETHUSD,H1: loaded successfully
2	10:12:24.709	Expert Admiral - Mini Terminal ETHUSD,H1: loaded successfully
2	10:12:24.856	Custom indicator AIMS Levels V2 EURJPY,H1: loaded successfully
2	10:12:24.914	Custom indicator AIMS Entry Alert V1 EURJPY,H1: loaded successfully
2	10:12:24.920	Custom indicator CandleTimer EURJPY,H1: loaded successfully
2	10:12:24.977	Custom indicator #Signal_Bars_v6 EURJPY,H1: loaded successfully
2	10:12:24.984	Custom indicator TrendEnvelopes_v1 EURJPY,H1: loaded successfully
2	10:12:24.990	Custom indicator guppy_multiple_moving_averages EURJPY,H1: loaded successfully
2	10:12:24.996	Custom indicator wedges EURJPY,H1: loaded successfully
2	10:12:25.054	Custom indicator AIMS AO V.2.1 EURJPY,H1: loaded successfully
2	10:12:25.061	Custom indicator IVT_MACD_ZERO_LAG EURJPY,H1: loaded successfully
2	10:12:25.068	Custom indicator RSI Divergence Levels EURJPY,H1: loaded successfully
2	10:12:25.076	Custom indicator JoeChalhoub_FXForecasterV1 EURJPY,H1: loaded successfully
2	10:12:25.226	Custom indicator AIMS Levels V2 GOLD,H1: loaded successfully
2	10:12:25.284	Custom indicator AIMS Entry Alert V1 GOLD,H1: loaded successfully
2	10:12:25.289	Custom indicator CandleTimer GOLD,H1: loaded successfully
2	10:12:25.347	Custom indicator #Signal_Bars_v6 GOLD,H1: loaded successfully
2	10:12:25.354	Custom indicator TrendEnvelopes_v1 GOLD,H1: loaded successfully
2	10:12:25.360	Custom indicator guppy_multiple_moving_averages GOLD,H1: loaded successfully
2	10:12:25.366	Custom indicator wedges GOLD,H1: loaded successfully
2	10:12:25.426	Custom indicator AIMS AO V.2.1 GOLD,H1: loaded successfully
2	10:12:25.433	Custom indicator IVT_MACD_ZERO_LAG GOLD,H1: loaded successfully
2	10:12:25.440	Custom indicator RSI Divergence Levels GOLD,H1: loaded successfully
2	10:12:25.447	Custom indicator JoeChalhoub_FXForecasterV1 GOLD,H1: loaded successfully
2	10:12:25.601	Custom indicator AIMS Levels V2 EURAUD,M5: loaded successfully
2	10:12:25.660	Custom indicator AIMS Entry Alert V1 EURAUD,M5: loaded successfully
2	10:12:25.666	Custom indicator CandleTimer EURAUD,M5: loaded successfully
2	10:12:25.723	Custom indicator #Signal_Bars_v6 EURAUD,M5: loaded successfully
2	10:12:25.730	Custom indicator TrendEnvelopes_v1 EURAUD,M5: loaded successfully
2	10:12:25.736	Custom indicator guppy_multiple_moving_averages EURAUD,M5: loaded successfully
2	10:12:25.743	Custom indicator wedges EURAUD,M5: loaded successfully
2	10:12:25.801	Custom indicator AIMS AO V.2.1 EURAUD,M5: loaded successfully
2	10:12:25.808	Custom indicator IVT_MACD_ZERO_LAG EURAUD,M5: loaded successfully
2	10:12:25.815	Custom indicator RSI Divergence Levels EURAUD,M5: loaded successfully
2	10:12:25.822	Custom indicator JoeChalhoub_FXForecasterV1 EURAUD,M5: loaded successfully
2	10:12:26.014	Custom indicator AIMS Levels V2 CADCHF,H1: loaded successfully
2	10:12:26.072	Custom indicator AIMS Entry Alert V1 CADCHF,H1: loaded successfully
2	10:12:26.078	Custom indicator CandleTimer CADCHF,H1: loaded successfully
2	10:12:26.135	Custom indicator #Signal_Bars_v6 CADCHF,H1: loaded successfully
2	10:12:26.142	Custom indicator TrendEnvelopes_v1 CADCHF,H1: loaded successfully
2	10:12:26.148	Custom indicator guppy_multiple_moving_averages CADCHF,H1: loaded successfully
2	10:12:26.155	Custom indicator wedges CADCHF,H1: loaded successfully
2	10:12:26.213	Custom indicator AIMS AO V.2.1 CADCHF,H1: loaded successfully
2	10:12:26.220	Custom indicator IVT_MACD_ZERO_LAG CADCHF,H1: loaded successfully
2	10:12:26.228	Custom indicator RSI Divergence Levels CADCHF,H1: loaded successfully
2	10:12:26.236	Custom indicator JoeChalhoub_FXForecasterV1 CADCHF,H1: loaded successfully
2	10:12:26.437	Custom indicator AIMS Levels V2 AUDNZD,H1: loaded successfully
2	10:12:26.496	Custom indicator AIMS Entry Alert V1 AUDNZD,H1: loaded successfully
2	10:12:26.502	Custom indicator CandleTimer AUDNZD,H1: loaded successfully
2	10:12:26.560	Custom indicator #Signal_Bars_v6 AUDNZD,H1: loaded successfully
2	10:12:26.567	Custom indicator TrendEnvelopes_v1 AUDNZD,H1: loaded successfully
2	10:12:26.573	Custom indicator guppy_multiple_moving_averages AUDNZD,H1: loaded successfully
2	10:12:26.580	Custom indicator wedges AUDNZD,H1: loaded successfully
2	10:12:26.639	Custom indicator AIMS AO V.2.1 AUDNZD,H1: loaded successfully
2	10:12:26.646	Custom indicator IVT_MACD_ZERO_LAG AUDNZD,H1: loaded successfully
2	10:12:26.653	Custom indicator RSI Divergence Levels AUDNZD,H1: loaded successfully
2	10:12:26.660	Custom indicator JoeChalhoub_FXForecasterV1 AUDNZD,H1: loaded successfully
1	10:12:28.091	'45259635': connect failed [Connection échouée]
1	10:14:11.064	MQL5.community: authorization failed
1	10:14:11.064	MQL Base: failed connect to server
1	10:17:28.232	MQL5.community: authorization failed
1	10:22:28.228	MQL5.community: authorization failed
2	15:49:10.415	Custom indicator AIMS Levels V2 EURUSD,M15: removed
2	15:49:10.415	Custom indicator AIMS Entry Alert V1 EURUSD,M15: removed
2	15:49:10.419	Custom indicator CandleTimer EURUSD,M15: removed
2	15:49:10.420	Custom indicator #Signal_Bars_v6 EURUSD,M15: removed
2	15:49:10.424	Custom indicator TrendEnvelopes_v1 EURUSD,M15: removed
2	15:49:10.427	Custom indicator guppy_multiple_moving_averages EURUSD,M15: removed
2	15:49:10.429	Custom indicator wedges EURUSD,M15: removed
2	15:49:10.429	Custom indicator AIMS AO V.2.1 EURUSD,M15: removed
2	15:49:10.431	Custom indicator IVT_MACD_ZERO_LAG EURUSD,M15: removed
2	15:49:10.436	Custom indicator RSI Divergence Levels EURUSD,M15: removed
2	15:49:10.439	Custom indicator JoeChalhoub_FXForecasterV1 EURUSD,M15: removed
2	15:49:10.451	Custom indicator AIMS Levels V2 [CAC40],M15: removed
2	15:49:10.451	Custom indicator AIMS Entry Alert V1 [CAC40],M15: removed
2	15:49:10.455	Custom indicator CandleTimer [CAC40],M15: removed
2	15:49:10.456	Custom indicator #Signal_Bars_v6 [CAC40],M15: removed
2	15:49:10.458	Custom indicator TrendEnvelopes_v1 [CAC40],M15: removed
2	15:49:10.460	Custom indicator guppy_multiple_moving_averages [CAC40],M15: removed
2	15:49:10.462	Custom indicator wedges [CAC40],M15: removed
2	15:49:10.462	Custom indicator AIMS AO V.2.1 [CAC40],M15: removed
2	15:49:10.464	Custom indicator IVT_MACD_ZERO_LAG [CAC40],M15: removed
2	15:49:10.466	Custom indicator RSI Divergence Levels [CAC40],M15: removed
2	15:49:10.468	Custom indicator JoeChalhoub_FXForecasterV1 [CAC40],M15: removed
2	15:49:10.477	Custom indicator CandleTimer [DAX30],H1: removed
2	15:49:10.492	Custom indicator ZigZag NZDJPY,M5: removed
2	15:49:10.494	Custom indicator 123Breakout-Scanner NZDJPY,M5: removed
2	15:49:10.496	Custom indicator RSI NZDJPY,M5: removed
2	15:49:10.506	Custom indicator AIMS Levels V2 EURNZD,M30: removed
