0	00:08:38.356	Admiral Markets build 1320 started (Admiral Markets Group AS)
0	00:08:38.356	Windows 10 Pro x64, IE 11, UAC, 8 x Intel Core i7-10510U  @ 1.80GHz, Memory: 1016 / 8014 Mb, Disk: 22 / 237 Gb, GMT+3
0	00:08:38.356	Data Folder: C:\Users\SRIE\AppData\Roaming\MetaQuotes\Terminal\51337600F56B69473E15EAFB8A7586B4
2	00:08:42.516	Custom indicator AIMS Levels V2 [DJI30],M1: loaded successfully
2	00:08:42.577	Custom indicator AIMS Entry Alert V1 [DJI30],M1: loaded successfully
2	00:08:42.583	Custom indicator CandleTimer [DJI30],M1: loaded successfully
2	00:08:42.644	Custom indicator #Signal_Bars_v6 [DJI30],M1: loaded successfully
2	00:08:42.650	Custom indicator TrendEnvelopes_v1 [DJI30],M1: loaded successfully
2	00:08:42.657	Custom indicator guppy_multiple_moving_averages [DJI30],M1: loaded successfully
2	00:08:42.664	Custom indicator wedges [DJI30],M1: loaded successfully
2	00:08:42.670	Custom indicator Admiral Pivot [DJI30],M1: loaded successfully
2	00:08:42.677	Custom indicator AutoTrendChannel [DJI30],M1: loaded successfully
2	00:08:42.684	Custom indicator FRZ Channel Auto Plotter [DJI30],M1: loaded successfully
2	00:08:42.692	Custom indicator FRZ News Indicator MT4 [DJI30],M1: loaded successfully
2	00:08:42.698	Custom indicator Forex Uranus direction [DJI30],M1: loaded successfully
2	00:08:42.774	Custom indicator AIMS AO V.2.1 [DJI30],M1: loaded successfully
2	00:08:42.781	Custom indicator IVT_MACD_ZERO_LAG [DJI30],M1: loaded successfully
2	00:08:42.789	Custom indicator RSI Divergence Levels [DJI30],M1: loaded successfully
2	00:08:42.797	Custom indicator JoeChalhoub_FXForecasterV1 [DJI30],M1: loaded successfully
2	00:08:42.805	Custom indicator TDI-With_Alerts [DJI30],M1: loaded successfully
2	00:08:42.812	Custom indicator FRZ Forex Market Session Indicator [DJI30],M1: loaded successfully
2	00:08:55.701	Custom indicator AIMS Levels V2 [DAX30],M1: loaded successfully
2	00:08:55.784	Custom indicator AIMS Entry Alert V1 [DAX30],M1: loaded successfully
2	00:08:55.790	Custom indicator CandleTimer [DAX30],M1: loaded successfully
2	00:08:55.860	Custom indicator #Signal_Bars_v6 [DAX30],M1: loaded successfully
2	00:08:55.869	Custom indicator TrendEnvelopes_v1 [DAX30],M1: loaded successfully
2	00:08:55.875	Custom indicator guppy_multiple_moving_averages [DAX30],M1: loaded successfully
2	00:08:55.885	Custom indicator wedges [DAX30],M1: loaded successfully
2	00:08:55.892	Custom indicator Admiral Pivot [DAX30],M1: loaded successfully
2	00:08:55.901	Custom indicator AutoTrendChannel [DAX30],M1: loaded successfully
2	00:08:55.908	Custom indicator FRZ Channel Auto Plotter [DAX30],M1: loaded successfully
2	00:08:55.918	Custom indicator FRZ News Indicator MT4 [DAX30],M1: loaded successfully
2	00:08:55.926	Custom indicator Forex Uranus direction [DAX30],M1: loaded successfully
2	00:08:55.998	Custom indicator AIMS AO V.2.1 [DAX30],M1: loaded successfully
2	00:08:56.006	Custom indicator IVT_MACD_ZERO_LAG [DAX30],M1: loaded successfully
2	00:08:56.014	Custom indicator RSI Divergence Levels [DAX30],M1: loaded successfully
2	00:08:56.023	Custom indicator JoeChalhoub_FXForecasterV1 [DAX30],M1: loaded successfully
2	00:08:56.033	Custom indicator TDI-With_Alerts [DAX30],M1: loaded successfully
2	00:08:56.041	Custom indicator FRZ Forex Market Session Indicator [DAX30],M1: loaded successfully
2	00:09:08.222	Custom indicator AIMS Levels V2 [DAX30],M5: loaded successfully
2	00:09:08.298	Custom indicator AIMS Entry Alert V1 [DAX30],M5: loaded successfully
2	00:09:08.305	Custom indicator CandleTimer [DAX30],M5: loaded successfully
2	00:09:08.379	Custom indicator #Signal_Bars_v6 [DAX30],M5: loaded successfully
2	00:09:08.387	Custom indicator TrendEnvelopes_v1 [DAX30],M5: loaded successfully
2	00:09:08.395	Custom indicator guppy_multiple_moving_averages [DAX30],M5: loaded successfully
2	00:09:08.403	Custom indicator wedges [DAX30],M5: loaded successfully
2	00:09:08.411	Custom indicator Admiral Pivot [DAX30],M5: loaded successfully
2	00:09:08.418	Custom indicator AutoTrendChannel [DAX30],M5: loaded successfully
2	00:09:08.428	Custom indicator FRZ Channel Auto Plotter [DAX30],M5: loaded successfully
2	00:09:08.438	Custom indicator FRZ News Indicator MT4 [DAX30],M5: loaded successfully
2	00:09:08.446	Custom indicator Forex Uranus direction [DAX30],M5: loaded successfully
2	00:09:08.455	Custom indicator Quadrilateral [DAX30],M5: loaded successfully
2	00:09:08.529	Custom indicator AIMS AO V.2.1 [DAX30],M5: loaded successfully
2	00:09:08.537	Custom indicator IVT_MACD_ZERO_LAG [DAX30],M5: loaded successfully
2	00:09:08.545	Custom indicator RSI Divergence Levels [DAX30],M5: loaded successfully
2	00:09:08.554	Custom indicator JoeChalhoub_FXForecasterV1 [DAX30],M5: loaded successfully
2	00:09:08.563	Custom indicator TDI-With_Alerts [DAX30],M5: loaded successfully
2	00:09:08.570	Custom indicator FRZ Forex Market Session Indicator [DAX30],M5: loaded successfully
2	00:09:18.679	Custom indicator AIMS Levels V2 [DJI30],M5: loaded successfully
2	00:09:18.770	Custom indicator AIMS Entry Alert V1 [DJI30],M5: loaded successfully
2	00:09:18.777	Custom indicator CandleTimer [DJI30],M5: loaded successfully
2	00:09:18.855	Custom indicator #Signal_Bars_v6 [DJI30],M5: loaded successfully
2	00:09:18.863	Custom indicator TrendEnvelopes_v1 [DJI30],M5: loaded successfully
2	00:09:18.870	Custom indicator guppy_multiple_moving_averages [DJI30],M5: loaded successfully
2	00:09:18.878	Custom indicator wedges [DJI30],M5: loaded successfully
2	00:09:18.887	Custom indicator Admiral Pivot [DJI30],M5: loaded successfully
2	00:09:18.894	Custom indicator AutoTrendChannel [DJI30],M5: loaded successfully
2	00:09:18.902	Custom indicator FRZ Channel Auto Plotter [DJI30],M5: loaded successfully
2	00:09:18.912	Custom indicator FRZ News Indicator MT4 [DJI30],M5: loaded successfully
2	00:09:18.920	Custom indicator Forex Uranus direction [DJI30],M5: loaded successfully
2	00:09:18.929	Custom indicator Quadrilateral [DJI30],M5: loaded successfully
2	00:09:19.002	Custom indicator AIMS AO V.2.1 [DJI30],M5: loaded successfully
2	00:09:19.010	Custom indicator IVT_MACD_ZERO_LAG [DJI30],M5: loaded successfully
2	00:09:19.018	Custom indicator RSI Divergence Levels [DJI30],M5: loaded successfully
2	00:09:19.027	Custom indicator JoeChalhoub_FXForecasterV1 [DJI30],M5: loaded successfully
2	00:09:19.035	Custom indicator TDI-With_Alerts [DJI30],M5: loaded successfully
2	00:09:19.043	Custom indicator FRZ Forex Market Session Indicator [DJI30],M5: loaded successfully
2	00:09:19.059	Expert Admiral - Mini Terminal [DJI30],M5: loaded successfully
2	00:09:29.150	Custom indicator AIMS Levels V2 [DAX30],H1: loaded successfully
2	00:09:29.247	Custom indicator AIMS Entry Alert V1 [DAX30],H1: loaded successfully
2	00:09:29.256	Custom indicator CandleTimer [DAX30],H1: loaded successfully
2	00:09:29.343	Custom indicator #Signal_Bars_v6 [DAX30],H1: loaded successfully
2	00:09:29.353	Custom indicator TrendEnvelopes_v1 [DAX30],H1: loaded successfully
2	00:09:29.361	Custom indicator guppy_multiple_moving_averages [DAX30],H1: loaded successfully
2	00:09:29.371	Custom indicator wedges [DAX30],H1: loaded successfully
2	00:09:29.380	Custom indicator Admiral Pivot [DAX30],H1: loaded successfully
2	00:09:29.390	Custom indicator AutoTrendChannel [DAX30],H1: loaded successfully
2	00:09:29.399	Custom indicator FRZ Channel Auto Plotter [DAX30],H1: loaded successfully
2	00:09:29.410	Custom indicator FRZ News Indicator MT4 [DAX30],H1: loaded successfully
2	00:09:29.420	Custom indicator Forex Uranus direction [DAX30],H1: loaded successfully
2	00:09:29.431	Custom indicator Quadrilateral [DAX30],H1: loaded successfully
2	00:09:29.522	Custom indicator AIMS AO V.2.1 [DAX30],H1: loaded successfully
2	00:09:29.530	Custom indicator IVT_MACD_ZERO_LAG [DAX30],H1: loaded successfully
2	00:09:29.540	Custom indicator RSI Divergence Levels [DAX30],H1: loaded successfully
2	00:09:29.549	Custom indicator JoeChalhoub_FXForecasterV1 [DAX30],H1: loaded successfully
2	00:09:29.560	Custom indicator TDI-With_Alerts [DAX30],H1: loaded successfully
2	00:09:29.569	Custom indicator FRZ Forex Market Session Indicator [DAX30],H1: loaded successfully
2	00:09:31.147	Custom indicator AIMS Levels V2 [DJI30],H1: loaded successfully
2	00:09:31.229	Custom indicator AIMS Entry Alert V1 [DJI30],H1: loaded successfully
2	00:09:31.237	Custom indicator CandleTimer [DJI30],H1: loaded successfully
2	00:09:31.314	Custom indicator #Signal_Bars_v6 [DJI30],H1: loaded successfully
2	00:09:31.326	Custom indicator TrendEnvelopes_v1 [DJI30],H1: loaded successfully
2	00:09:31.337	Custom indicator guppy_multiple_moving_averages [DJI30],H1: loaded successfully
2	00:09:31.345	Custom indicator wedges [DJI30],H1: loaded successfully
2	00:09:31.355	Custom indicator Admiral Pivot [DJI30],H1: loaded successfully
2	00:09:31.361	Custom indicator AutoTrendChannel [DJI30],H1: loaded successfully
2	00:09:31.372	Custom indicator FRZ Channel Auto Plotter [DJI30],H1: loaded successfully
2	00:09:31.381	Custom indicator FRZ News Indicator MT4 [DJI30],H1: loaded successfully
2	00:09:31.391	Custom indicator Forex Uranus direction [DJI30],H1: loaded successfully
2	00:09:31.399	Custom indicator Quadrilateral [DJI30],H1: loaded successfully
2	00:09:31.476	Custom indicator AIMS AO V.2.1 [DJI30],H1: loaded successfully
2	00:09:31.485	Custom indicator IVT_MACD_ZERO_LAG [DJI30],H1: loaded successfully
2	00:09:31.493	Custom indicator RSI Divergence Levels [DJI30],H1: loaded successfully
2	00:09:31.503	Custom indicator JoeChalhoub_FXForecasterV1 [DJI30],H1: loaded successfully
2	00:09:31.511	Custom indicator TDI-With_Alerts [DJI30],H1: loaded successfully
2	00:09:31.520	Custom indicator FRZ Forex Market Session Indicator [DJI30],H1: loaded successfully
2	00:09:33.086	Custom indicator AIMS Levels V2 AUDJPY,H1: loaded successfully
2	00:09:33.164	Custom indicator AIMS Entry Alert V1 AUDJPY,H1: loaded successfully
2	00:09:33.172	Custom indicator CandleTimer AUDJPY,H1: loaded successfully
2	00:09:33.247	Custom indicator #Signal_Bars_v6 AUDJPY,H1: loaded successfully
2	00:09:33.256	Custom indicator TrendEnvelopes_v1 AUDJPY,H1: loaded successfully
2	00:09:33.263	Custom indicator guppy_multiple_moving_averages AUDJPY,H1: loaded successfully
2	00:09:33.272	Custom indicator wedges AUDJPY,H1: loaded successfully
2	00:09:33.280	Custom indicator Admiral Pivot AUDJPY,H1: loaded successfully
2	00:09:33.288	Custom indicator AutoTrendChannel AUDJPY,H1: loaded successfully
2	00:09:33.296	Custom indicator FRZ Channel Auto Plotter AUDJPY,H1: loaded successfully
2	00:09:33.306	Custom indicator FRZ News Indicator MT4 AUDJPY,H1: loaded successfully
2	00:09:33.314	Custom indicator Forex Uranus direction AUDJPY,H1: loaded successfully
2	00:09:33.324	Custom indicator Quadrilateral AUDJPY,H1: loaded successfully
2	00:09:33.399	Custom indicator AIMS AO V.2.1 AUDJPY,H1: loaded successfully
2	00:09:33.407	Custom indicator IVT_MACD_ZERO_LAG AUDJPY,H1: loaded successfully
2	00:09:33.415	Custom indicator RSI Divergence Levels AUDJPY,H1: loaded successfully
2	00:09:33.425	Custom indicator JoeChalhoub_FXForecasterV1 AUDJPY,H1: loaded successfully
2	00:09:33.435	Custom indicator TDI-With_Alerts AUDJPY,H1: loaded successfully
2	00:09:33.442	Custom indicator FRZ Forex Market Session Indicator AUDJPY,H1: loaded successfully
2	00:09:35.066	Custom indicator AIMS Levels V2 NZDUSD,H1: loaded successfully
2	00:09:35.144	Custom indicator AIMS Entry Alert V1 NZDUSD,H1: loaded successfully
2	00:09:35.152	Custom indicator CandleTimer NZDUSD,H1: loaded successfully
2	00:09:35.225	Custom indicator #Signal_Bars_v6 NZDUSD,H1: loaded successfully
2	00:09:35.234	Custom indicator TrendEnvelopes_v1 NZDUSD,H1: loaded successfully
2	00:09:35.241	Custom indicator guppy_multiple_moving_averages NZDUSD,H1: loaded successfully
2	00:09:35.250	Custom indicator wedges NZDUSD,H1: loaded successfully
2	00:09:35.258	Custom indicator Admiral Pivot NZDUSD,H1: loaded successfully
2	00:09:35.266	Custom indicator AutoTrendChannel NZDUSD,H1: loaded successfully
2	00:09:35.274	Custom indicator FRZ Channel Auto Plotter NZDUSD,H1: loaded successfully
2	00:09:35.284	Custom indicator FRZ News Indicator MT4 NZDUSD,H1: loaded successfully
2	00:09:35.292	Custom indicator Forex Uranus direction NZDUSD,H1: loaded successfully
2	00:09:35.301	Custom indicator Quadrilateral NZDUSD,H1: loaded successfully
2	00:09:35.374	Custom indicator AIMS AO V.2.1 NZDUSD,H1: loaded successfully
2	00:09:35.383	Custom indicator IVT_MACD_ZERO_LAG NZDUSD,H1: loaded successfully
2	00:09:35.391	Custom indicator RSI Divergence Levels NZDUSD,H1: loaded successfully
2	00:09:35.400	Custom indicator JoeChalhoub_FXForecasterV1 NZDUSD,H1: loaded successfully
2	00:09:35.408	Custom indicator TDI-With_Alerts NZDUSD,H1: loaded successfully
2	00:09:35.416	Custom indicator FRZ Forex Market Session Indicator NZDUSD,H1: loaded successfully
2	00:09:37.137	Custom indicator AIMS Levels V2 [DJI30],M15: loaded successfully
2	00:09:37.216	Custom indicator AIMS Entry Alert V1 [DJI30],M15: loaded successfully
2	00:09:37.223	Custom indicator CandleTimer [DJI30],M15: loaded successfully
2	00:09:37.301	Custom indicator #Signal_Bars_v6 [DJI30],M15: loaded successfully
2	00:09:37.309	Custom indicator TrendEnvelopes_v1 [DJI30],M15: loaded successfully
2	00:09:37.318	Custom indicator guppy_multiple_moving_averages [DJI30],M15: loaded successfully
2	00:09:37.326	Custom indicator wedges [DJI30],M15: loaded successfully
2	00:09:37.334	Custom indicator Admiral Pivot [DJI30],M15: loaded successfully
2	00:09:37.342	Custom indicator AutoTrendChannel [DJI30],M15: loaded successfully
2	00:09:37.351	Custom indicator FRZ Channel Auto Plotter [DJI30],M15: loaded successfully
2	00:09:37.360	Custom indicator FRZ News Indicator MT4 [DJI30],M15: loaded successfully
2	00:09:37.370	Custom indicator Forex Uranus direction [DJI30],M15: loaded successfully
2	00:09:37.378	Custom indicator Quadrilateral [DJI30],M15: loaded successfully
2	00:09:37.454	Custom indicator AIMS AO V.2.1 [DJI30],M15: loaded successfully
2	00:09:37.463	Custom indicator IVT_MACD_ZERO_LAG [DJI30],M15: loaded successfully
2	00:09:37.472	Custom indicator RSI Divergence Levels [DJI30],M15: loaded successfully
2	00:09:37.481	Custom indicator JoeChalhoub_FXForecasterV1 [DJI30],M15: loaded successfully
2	00:09:37.490	Custom indicator TDI-With_Alerts [DJI30],M15: loaded successfully
2	00:09:37.498	Custom indicator FRZ Forex Market Session Indicator [DJI30],M15: loaded successfully
2	00:09:41.456	Custom indicator AIMS Levels V2 [DAX30],M15: loaded successfully
2	00:09:41.534	Custom indicator AIMS Entry Alert V1 [DAX30],M15: loaded successfully
2	00:09:41.540	Custom indicator CandleTimer [DAX30],M15: loaded successfully
2	00:09:41.614	Custom indicator #Signal_Bars_v6 [DAX30],M15: loaded successfully
2	00:09:41.622	Custom indicator TrendEnvelopes_v1 [DAX30],M15: loaded successfully
2	00:09:41.631	Custom indicator guppy_multiple_moving_averages [DAX30],M15: loaded successfully
2	00:09:41.638	Custom indicator wedges [DAX30],M15: loaded successfully
2	00:09:41.647	Custom indicator Admiral Pivot [DAX30],M15: loaded successfully
2	00:09:41.655	Custom indicator AutoTrendChannel [DAX30],M15: loaded successfully
2	00:09:41.663	Custom indicator FRZ Channel Auto Plotter [DAX30],M15: loaded successfully
2	00:09:41.672	Custom indicator FRZ News Indicator MT4 [DAX30],M15: loaded successfully
2	00:09:41.681	Custom indicator Forex Uranus direction [DAX30],M15: loaded successfully
2	00:09:41.689	Custom indicator Quadrilateral [DAX30],M15: loaded successfully
2	00:09:41.766	Custom indicator AIMS AO V.2.1 [DAX30],M15: loaded successfully
2	00:09:41.774	Custom indicator IVT_MACD_ZERO_LAG [DAX30],M15: loaded successfully
2	00:09:41.783	Custom indicator RSI Divergence Levels [DAX30],M15: loaded successfully
2	00:09:41.793	Custom indicator JoeChalhoub_FXForecasterV1 [DAX30],M15: loaded successfully
2	00:09:41.802	Custom indicator TDI-With_Alerts [DAX30],M15: loaded successfully
2	00:09:41.810	Custom indicator FRZ Forex Market Session Indicator [DAX30],M15: loaded successfully
2	00:09:45.641	Custom indicator AIMS Levels V2 EURUSD,H1: loaded successfully
2	00:09:45.720	Custom indicator AIMS Entry Alert V1 EURUSD,H1: loaded successfully
2	00:09:45.729	Custom indicator CandleTimer EURUSD,H1: loaded successfully
2	00:09:45.804	Custom indicator #Signal_Bars_v6 EURUSD,H1: loaded successfully
2	00:09:45.812	Custom indicator TrendEnvelopes_v1 EURUSD,H1: loaded successfully
2	00:09:45.820	Custom indicator guppy_multiple_moving_averages EURUSD,H1: loaded successfully
2	00:09:45.829	Custom indicator wedges EURUSD,H1: loaded successfully
2	00:09:45.837	Custom indicator Admiral Pivot EURUSD,H1: loaded successfully
2	00:09:45.845	Custom indicator AutoTrendChannel EURUSD,H1: loaded successfully
2	00:09:45.853	Custom indicator FRZ Channel Auto Plotter EURUSD,H1: loaded successfully
2	00:09:45.863	Custom indicator FRZ News Indicator MT4 EURUSD,H1: loaded successfully
2	00:09:45.872	Custom indicator Forex Uranus direction EURUSD,H1: loaded successfully
2	00:09:45.880	Custom indicator Quadrilateral EURUSD,H1: loaded successfully
2	00:09:45.951	Custom indicator AIMS AO V.2.1 EURUSD,H1: loaded successfully
2	00:09:45.959	Custom indicator IVT_MACD_ZERO_LAG EURUSD,H1: loaded successfully
2	00:09:45.967	Custom indicator RSI Divergence Levels EURUSD,H1: loaded successfully
2	00:09:45.976	Custom indicator JoeChalhoub_FXForecasterV1 EURUSD,H1: loaded successfully
2	00:09:45.986	Custom indicator TDI-With_Alerts EURUSD,H1: loaded successfully
2	00:09:45.994	Custom indicator FRZ Forex Market Session Indicator EURUSD,H1: loaded successfully
0	00:09:51.171	'27143750': login on AdmiralMarkets-Live through Access Point #6 (ping: 223.28 ms)
0	00:09:53.251	'27143750': login datacenter on AdmiralMarkets-Live through Access Point #6 (ping: 223.28 ms)
0	00:09:53.804	'27143750': previous successful authorization performed from 197.149.38.36
0	00:10:10.331	'27143750': ping to current access point Access Point #6 is 214.96 ms
2	00:57:42.885	Custom indicator AIMS Levels V2 [DJI30],M1: removed
2	00:57:42.894	Custom indicator AIMS Entry Alert V1 [DJI30],M1: removed
2	00:57:42.895	Custom indicator CandleTimer [DJI30],M1: removed
2	00:57:42.896	Custom indicator #Signal_Bars_v6 [DJI30],M1: removed
2	00:57:42.897	Custom indicator TrendEnvelopes_v1 [DJI30],M1: removed
2	00:57:42.898	Custom indicator guppy_multiple_moving_averages [DJI30],M1: removed
2	00:57:42.901	Custom indicator wedges [DJI30],M1: removed
2	00:57:42.902	Custom indicator Admiral Pivot [DJI30],M1: removed
2	00:57:42.903	Custom indicator AutoTrendChannel [DJI30],M1: removed
2	00:57:42.905	Custom indicator FRZ Channel Auto Plotter [DJI30],M1: removed
2	00:57:42.906	Custom indicator FRZ News Indicator MT4 [DJI30],M1: removed
2	00:57:42.908	Custom indicator Forex Uranus direction [DJI30],M1: removed
2	00:57:42.909	Custom indicator AIMS AO V.2.1 [DJI30],M1: removed
2	00:57:42.911	Custom indicator IVT_MACD_ZERO_LAG [DJI30],M1: removed
2	00:57:42.913	Custom indicator RSI Divergence Levels [DJI30],M1: removed
2	00:57:42.914	Custom indicator JoeChalhoub_FXForecasterV1 [DJI30],M1: removed
2	00:57:42.917	Custom indicator TDI-With_Alerts [DJI30],M1: removed
2	00:57:42.919	Custom indicator FRZ Forex Market Session Indicator [DJI30],M1: removed
2	00:57:42.935	Custom indicator AIMS Levels V2 [DAX30],M1: removed
2	00:57:42.935	Custom indicator AIMS Entry Alert V1 [DAX30],M1: removed
2	00:57:42.936	Custom indicator CandleTimer [DAX30],M1: removed
2	00:57:42.937	Custom indicator #Signal_Bars_v6 [DAX30],M1: removed
2	00:57:42.938	Custom indicator TrendEnvelopes_v1 [DAX30],M1: removed
2	00:57:42.940	Custom indicator guppy_multiple_moving_averages [DAX30],M1: removed
2	00:57:42.945	Custom indicator wedges [DAX30],M1: removed
2	00:57:42.960	Custom indicator Admiral Pivot [DAX30],M1: removed
2	00:57:42.961	Custom indicator AutoTrendChannel [DAX30],M1: removed
2	00:57:42.962	Custom indicator FRZ Channel Auto Plotter [DAX30],M1: removed
2	00:57:42.963	Custom indicator FRZ News Indicator MT4 [DAX30],M1: removed
2	00:57:42.965	Custom indicator Forex Uranus direction [DAX30],M1: removed
2	00:57:42.965	Custom indicator AIMS AO V.2.1 [DAX30],M1: removed
2	00:57:42.966	Custom indicator IVT_MACD_ZERO_LAG [DAX30],M1: removed
2	00:57:42.968	Custom indicator RSI Divergence Levels [DAX30],M1: removed
2	00:57:42.969	Custom indicator JoeChalhoub_FXForecasterV1 [DAX30],M1: removed
2	00:57:42.971	Custom indicator TDI-With_Alerts [DAX30],M1: removed
2	00:57:42.974	Custom indicator FRZ Forex Market Session Indicator [DAX30],M1: removed
2	00:57:42.979	Custom indicator AIMS Levels V2 [DAX30],M5: removed
2	00:57:42.980	Custom indicator AIMS Entry Alert V1 [DAX30],M5: removed
2	00:57:42.981	Custom indicator CandleTimer [DAX30],M5: removed
2	00:57:42.982	Custom indicator #Signal_Bars_v6 [DAX30],M5: removed
2	00:57:42.983	Custom indicator TrendEnvelopes_v1 [DAX30],M5: removed
2	00:57:42.984	Custom indicator guppy_multiple_moving_averages [DAX30],M5: removed
2	00:57:42.986	Custom indicator wedges [DAX30],M5: removed
2	00:57:42.987	Custom indicator Admiral Pivot [DAX30],M5: removed
2	00:57:42.989	Custom indicator AutoTrendChannel [DAX30],M5: removed
2	00:57:42.992	Custom indicator FRZ Channel Auto Plotter [DAX30],M5: removed
2	00:57:42.994	Custom indicator FRZ News Indicator MT4 [DAX30],M5: removed
2	00:57:42.995	Custom indicator Forex Uranus direction [DAX30],M5: removed
2	00:57:42.997	Custom indicator Quadrilateral [DAX30],M5: removed
2	00:57:42.997	Custom indicator AIMS AO V.2.1 [DAX30],M5: removed
2	00:57:42.998	Custom indicator IVT_MACD_ZERO_LAG [DAX30],M5: removed
2	00:57:43.000	Custom indicator RSI Divergence Levels [DAX30],M5: removed
2	00:57:43.001	Custom indicator JoeChalhoub_FXForecasterV1 [DAX30],M5: removed
2	00:57:43.003	Custom indicator TDI-With_Alerts [DAX30],M5: removed
2	00:57:43.004	Custom indicator FRZ Forex Market Session Indicator [DAX30],M5: removed
2	00:57:43.010	Expert Admiral - Mini Terminal [DJI30],M5: removed
2	00:57:43.083	Custom indicator AIMS Levels V2 [DJI30],M5: removed
2	00:57:43.084	Custom indicator AIMS Entry Alert V1 [DJI30],M5: removed
2	00:57:43.085	Custom indicator CandleTimer [DJI30],M5: removed
2	00:57:43.086	Custom indicator #Signal_Bars_v6 [DJI30],M5: removed
2	00:57:43.087	Custom indicator TrendEnvelopes_v1 [DJI30],M5: removed
2	00:57:43.088	Custom indicator guppy_multiple_moving_averages [DJI30],M5: removed
2	00:57:43.090	Custom indicator wedges [DJI30],M5: removed
2	00:57:43.092	Custom indicator Admiral Pivot [DJI30],M5: removed
2	00:57:43.093	Custom indicator AutoTrendChannel [DJI30],M5: removed
2	00:57:43.094	Custom indicator FRZ Channel Auto Plotter [DJI30],M5: removed
2	00:57:43.095	Custom indicator FRZ News Indicator MT4 [DJI30],M5: removed
2	00:57:43.096	Custom indicator Forex Uranus direction [DJI30],M5: removed
2	00:57:43.097	Custom indicator Quadrilateral [DJI30],M5: removed
2	00:57:43.098	Custom indicator AIMS AO V.2.1 [DJI30],M5: removed
2	00:57:43.099	Custom indicator IVT_MACD_ZERO_LAG [DJI30],M5: removed
2	00:57:43.100	Custom indicator RSI Divergence Levels [DJI30],M5: removed
2	00:57:43.101	Custom indicator JoeChalhoub_FXForecasterV1 [DJI30],M5: removed
2	00:57:43.103	Custom indicator TDI-With_Alerts [DJI30],M5: removed
2	00:57:43.104	Custom indicator FRZ Forex Market Session Indicator [DJI30],M5: removed
2	00:57:43.107	Custom indicator AIMS Levels V2 [DAX30],H1: removed
2	00:57:43.108	Custom indicator AIMS Entry Alert V1 [DAX30],H1: removed
2	00:57:43.109	Custom indicator CandleTimer [DAX30],H1: removed
2	00:57:43.109	Custom indicator #Signal_Bars_v6 [DAX30],H1: removed
2	00:57:43.110	Custom indicator TrendEnvelopes_v1 [DAX30],H1: removed
2	00:57:43.111	Custom indicator guppy_multiple_moving_averages [DAX30],H1: removed
2	00:57:43.113	Custom indicator wedges [DAX30],H1: removed
2	00:57:43.114	Custom indicator Admiral Pivot [DAX30],H1: removed
2	00:57:43.115	Custom indicator AutoTrendChannel [DAX30],H1: removed
2	00:57:43.116	Custom indicator FRZ Channel Auto Plotter [DAX30],H1: removed
2	00:57:43.117	Custom indicator FRZ News Indicator MT4 [DAX30],H1: removed
2	00:57:43.118	Custom indicator Forex Uranus direction [DAX30],H1: removed
2	00:57:43.119	Custom indicator Quadrilateral [DAX30],H1: removed
2	00:57:43.120	Custom indicator AIMS AO V.2.1 [DAX30],H1: removed
2	00:57:43.121	Custom indicator IVT_MACD_ZERO_LAG [DAX30],H1: removed
2	00:57:43.122	Custom indicator RSI Divergence Levels [DAX30],H1: removed
2	00:57:43.123	Custom indicator JoeChalhoub_FXForecasterV1 [DAX30],H1: removed
2	00:57:43.125	Custom indicator TDI-With_Alerts [DAX30],H1: removed
2	00:57:43.126	Custom indicator FRZ Forex Market Session Indicator [DAX30],H1: removed
2	00:57:43.129	Custom indicator AIMS Levels V2 [DJI30],H1: removed
2	00:57:43.129	Custom indicator AIMS Entry Alert V1 [DJI30],H1: removed
2	00:57:43.131	Custom indicator CandleTimer [DJI30],H1: removed
2	00:57:43.131	Custom indicator #Signal_Bars_v6 [DJI30],H1: removed
2	00:57:43.132	Custom indicator TrendEnvelopes_v1 [DJI30],H1: removed
2	00:57:43.133	Custom indicator guppy_multiple_moving_averages [DJI30],H1: removed
2	00:57:43.135	Custom indicator wedges [DJI30],H1: removed
2	00:57:43.136	Custom indicator Admiral Pivot [DJI30],H1: removed
2	00:57:43.137	Custom indicator AutoTrendChannel [DJI30],H1: removed
2	00:57:43.138	Custom indicator FRZ Channel Auto Plotter [DJI30],H1: removed
2	00:57:43.140	Custom indicator FRZ News Indicator MT4 [DJI30],H1: removed
2	00:57:43.141	Custom indicator Forex Uranus direction [DJI30],H1: removed
2	00:57:43.142	Custom indicator Quadrilateral [DJI30],H1: removed
2	00:57:43.142	Custom indicator AIMS AO V.2.1 [DJI30],H1: removed
2	00:57:43.144	Custom indicator IVT_MACD_ZERO_LAG [DJI30],H1: removed
2	00:57:43.145	Custom indicator RSI Divergence Levels [DJI30],H1: removed
2	00:57:43.146	Custom indicator JoeChalhoub_FXForecasterV1 [DJI30],H1: removed
2	00:57:43.148	Custom indicator TDI-With_Alerts [DJI30],H1: removed
2	00:57:43.149	Custom indicator FRZ Forex Market Session Indicator [DJI30],H1: removed
2	00:57:43.152	Custom indicator AIMS Levels V2 AUDJPY,H1: removed
2	00:57:43.152	Custom indicator AIMS Entry Alert V1 AUDJPY,H1: removed
2	00:57:43.153	Custom indicator CandleTimer AUDJPY,H1: removed
2	00:57:43.154	Custom indicator #Signal_Bars_v6 AUDJPY,H1: removed
2	00:57:43.155	Custom indicator TrendEnvelopes_v1 AUDJPY,H1: removed
2	00:57:43.156	Custom indicator guppy_multiple_moving_averages AUDJPY,H1: removed
2	00:57:43.158	Custom indicator wedges AUDJPY,H1: removed
2	00:57:43.159	Custom indicator Admiral Pivot AUDJPY,H1: removed
2	00:57:43.160	Custom indicator AutoTrendChannel AUDJPY,H1: removed
2	00:57:43.162	Custom indicator FRZ Channel Auto Plotter AUDJPY,H1: removed
2	00:57:43.163	Custom indicator FRZ News Indicator MT4 AUDJPY,H1: removed
2	00:57:43.164	Custom indicator Forex Uranus direction AUDJPY,H1: removed
2	00:57:43.165	Custom indicator Quadrilateral AUDJPY,H1: removed
2	00:57:43.165	Custom indicator AIMS AO V.2.1 AUDJPY,H1: removed
2	00:57:43.166	Custom indicator IVT_MACD_ZERO_LAG AUDJPY,H1: removed
2	00:57:43.168	Custom indicator RSI Divergence Levels AUDJPY,H1: removed
2	00:57:43.169	Custom indicator JoeChalhoub_FXForecasterV1 AUDJPY,H1: removed
2	00:57:43.170	Custom indicator TDI-With_Alerts AUDJPY,H1: removed
2	00:57:43.172	Custom indicator FRZ Forex Market Session Indicator AUDJPY,H1: removed
2	00:57:43.430	Custom indicator AIMS Levels V2 NZDUSD,H1: removed
2	00:57:43.431	Custom indicator AIMS Entry Alert V1 NZDUSD,H1: removed
2	00:57:43.437	Custom indicator CandleTimer NZDUSD,H1: removed
2	00:57:43.438	Custom indicator #Signal_Bars_v6 NZDUSD,H1: removed
2	00:57:43.443	Custom indicator TrendEnvelopes_v1 NZDUSD,H1: removed
2	00:57:43.447	Custom indicator guppy_multiple_moving_averages NZDUSD,H1: removed
2	00:57:43.450	Custom indicator wedges NZDUSD,H1: removed
2	00:57:43.453	Custom indicator Admiral Pivot NZDUSD,H1: removed
2	00:57:43.456	Custom indicator AutoTrendChannel NZDUSD,H1: removed
2	00:57:43.458	Custom indicator FRZ Channel Auto Plotter NZDUSD,H1: removed
2	00:57:43.460	Custom indicator FRZ News Indicator MT4 NZDUSD,H1: removed
2	00:57:43.463	Custom indicator Forex Uranus direction NZDUSD,H1: removed
2	00:57:43.464	Custom indicator Quadrilateral NZDUSD,H1: removed
2	00:57:43.465	Custom indicator AIMS AO V.2.1 NZDUSD,H1: removed
2	00:57:43.466	Custom indicator IVT_MACD_ZERO_LAG NZDUSD,H1: removed
2	00:57:43.468	Custom indicator RSI Divergence Levels NZDUSD,H1: removed
2	00:57:43.469	Custom indicator JoeChalhoub_FXForecasterV1 NZDUSD,H1: removed
2	00:57:43.471	Custom indicator TDI-With_Alerts NZDUSD,H1: removed
2	00:57:43.473	Custom indicator FRZ Forex Market Session Indicator NZDUSD,H1: removed
2	00:57:43.476	Custom indicator AIMS Levels V2 [DJI30],M15: removed
2	00:57:43.476	Custom indicator AIMS Entry Alert V1 [DJI30],M15: removed
2	00:57:43.477	Custom indicator CandleTimer [DJI30],M15: removed
2	00:57:43.478	Custom indicator #Signal_Bars_v6 [DJI30],M15: removed
2	00:57:43.479	Custom indicator TrendEnvelopes_v1 [DJI30],M15: removed
2	00:57:43.480	Custom indicator guppy_multiple_moving_averages [DJI30],M15: removed
2	00:57:43.482	Custom indicator wedges [DJI30],M15: removed
2	00:57:43.483	Custom indicator Admiral Pivot [DJI30],M15: removed
2	00:57:43.484	Custom indicator AutoTrendChannel [DJI30],M15: removed
2	00:57:43.485	Custom indicator FRZ Channel Auto Plotter [DJI30],M15: removed
2	00:57:43.486	Custom indicator FRZ News Indicator MT4 [DJI30],M15: removed
2	00:57:43.488	Custom indicator Forex Uranus direction [DJI30],M15: removed
2	00:57:43.489	Custom indicator Quadrilateral [DJI30],M15: removed
2	00:57:43.489	Custom indicator AIMS AO V.2.1 [DJI30],M15: removed
2	00:57:43.491	Custom indicator IVT_MACD_ZERO_LAG [DJI30],M15: removed
2	00:57:43.492	Custom indicator RSI Divergence Levels [DJI30],M15: removed
2	00:57:43.494	Custom indicator JoeChalhoub_FXForecasterV1 [DJI30],M15: removed
2	00:57:43.495	Custom indicator TDI-With_Alerts [DJI30],M15: removed
2	00:57:43.496	Custom indicator FRZ Forex Market Session Indicator [DJI30],M15: removed
2	00:57:43.504	Custom indicator AIMS Levels V2 [DAX30],M15: removed
2	00:57:43.504	Custom indicator AIMS Entry Alert V1 [DAX30],M15: removed
2	00:57:43.505	Custom indicator CandleTimer [DAX30],M15: removed
2	00:57:43.506	Custom indicator #Signal_Bars_v6 [DAX30],M15: removed
2	00:57:43.507	Custom indicator TrendEnvelopes_v1 [DAX30],M15: removed
2	00:57:43.508	Custom indicator guppy_multiple_moving_averages [DAX30],M15: removed
2	00:57:43.510	Custom indicator wedges [DAX30],M15: removed
2	00:57:43.511	Custom indicator Admiral Pivot [DAX30],M15: removed
2	00:57:43.512	Custom indicator AutoTrendChannel [DAX30],M15: removed
2	00:57:43.513	Custom indicator FRZ Channel Auto Plotter [DAX30],M15: removed
2	00:57:43.514	Custom indicator FRZ News Indicator MT4 [DAX30],M15: removed
2	00:57:43.516	Custom indicator Forex Uranus direction [DAX30],M15: removed
2	00:57:43.517	Custom indicator Quadrilateral [DAX30],M15: removed
2	00:57:43.517	Custom indicator AIMS AO V.2.1 [DAX30],M15: removed
2	00:57:43.518	Custom indicator IVT_MACD_ZERO_LAG [DAX30],M15: removed
2	00:57:43.520	Custom indicator RSI Divergence Levels [DAX30],M15: removed
2	00:57:43.521	Custom indicator JoeChalhoub_FXForecasterV1 [DAX30],M15: removed
2	00:57:43.523	Custom indicator TDI-With_Alerts [DAX30],M15: removed
2	00:57:43.524	Custom indicator FRZ Forex Market Session Indicator [DAX30],M15: removed
2	00:57:43.540	Custom indicator AIMS Levels V2 EURUSD,H1: removed
2	00:57:43.540	Custom indicator AIMS Entry Alert V1 EURUSD,H1: removed
2	00:57:43.541	Custom indicator CandleTimer EURUSD,H1: removed
2	00:57:43.541	Custom indicator #Signal_Bars_v6 EURUSD,H1: removed
2	00:57:43.542	Custom indicator TrendEnvelopes_v1 EURUSD,H1: removed
2	00:57:43.544	Custom indicator guppy_multiple_moving_averages EURUSD,H1: removed
2	00:57:43.545	Custom indicator wedges EURUSD,H1: removed
2	00:57:43.546	Custom indicator Admiral Pivot EURUSD,H1: removed
2	00:57:43.548	Custom indicator AutoTrendChannel EURUSD,H1: removed
2	00:57:43.549	Custom indicator FRZ Channel Auto Plotter EURUSD,H1: removed
2	00:57:43.550	Custom indicator FRZ News Indicator MT4 EURUSD,H1: removed
2	00:57:43.551	Custom indicator Forex Uranus direction EURUSD,H1: removed
2	00:57:43.552	Custom indicator Quadrilateral EURUSD,H1: removed
2	00:57:43.552	Custom indicator AIMS AO V.2.1 EURUSD,H1: removed
2	00:57:43.554	Custom indicator IVT_MACD_ZERO_LAG EURUSD,H1: removed
2	00:57:43.555	Custom indicator RSI Divergence Levels EURUSD,H1: removed
2	00:57:43.556	Custom indicator JoeChalhoub_FXForecasterV1 EURUSD,H1: removed
2	00:57:43.558	Custom indicator TDI-With_Alerts EURUSD,H1: removed
2	00:57:43.559	Custom indicator FRZ Forex Market Session Indicator EURUSD,H1: removed
0	00:57:44.353	Admiral Markets build 1320 stopped
0	02:44:58.738	Admiral Markets build 1320 started (Admiral Markets Group AS)
0	02:44:58.739	Windows 10 Pro x64, IE 11, UAC, 8 x Intel Core i7-10510U  @ 1.80GHz, Memory: 1258 / 8014 Mb, Disk: 22 / 237 Gb, GMT+3
0	02:44:58.739	Data Folder: C:\Users\SRIE\AppData\Roaming\MetaQuotes\Terminal\51337600F56B69473E15EAFB8A7586B4
2	02:45:06.546	Custom indicator AIMS Levels V2 [DJI30],M1: loaded successfully
2	02:45:06.615	Custom indicator AIMS Entry Alert V1 [DJI30],M1: loaded successfully
2	02:45:06.620	Custom indicator CandleTimer [DJI30],M1: loaded successfully
2	02:45:06.689	Custom indicator #Signal_Bars_v6 [DJI30],M1: loaded successfully
2	02:45:06.696	Custom indicator TrendEnvelopes_v1 [DJI30],M1: loaded successfully
2	02:45:06.705	Custom indicator guppy_multiple_moving_averages [DJI30],M1: loaded successfully
2	02:45:06.716	Custom indicator wedges [DJI30],M1: loaded successfully
2	02:45:06.725	Custom indicator Admiral Pivot [DJI30],M1: loaded successfully
2	02:45:06.732	Custom indicator AutoTrendChannel [DJI30],M1: loaded successfully
2	02:45:06.740	Custom indicator FRZ Channel Auto Plotter [DJI30],M1: loaded successfully
2	02:45:06.750	Custom indicator FRZ News Indicator MT4 [DJI30],M1: loaded successfully
2	02:45:06.760	Custom indicator Forex Uranus direction [DJI30],M1: loaded successfully
2	02:45:06.831	Custom indicator AIMS AO V.2.1 [DJI30],M1: loaded successfully
2	02:45:06.840	Custom indicator IVT_MACD_ZERO_LAG [DJI30],M1: loaded successfully
2	02:45:06.847	Custom indicator RSI Divergence Levels [DJI30],M1: loaded successfully
2	02:45:06.860	Custom indicator JoeChalhoub_FXForecasterV1 [DJI30],M1: loaded successfully
2	02:45:06.868	Custom indicator TDI-With_Alerts [DJI30],M1: loaded successfully
2	02:45:06.877	Custom indicator FRZ Forex Market Session Indicator [DJI30],M1: loaded successfully
2	02:45:18.707	Custom indicator AIMS Levels V2 [DAX30],M1: loaded successfully
2	02:45:18.768	Custom indicator AIMS Entry Alert V1 [DAX30],M1: loaded successfully
2	02:45:18.774	Custom indicator CandleTimer [DAX30],M1: loaded successfully
2	02:45:18.833	Custom indicator #Signal_Bars_v6 [DAX30],M1: loaded successfully
2	02:45:18.839	Custom indicator TrendEnvelopes_v1 [DAX30],M1: loaded successfully
2	02:45:18.845	Custom indicator guppy_multiple_moving_averages [DAX30],M1: loaded successfully
2	02:45:18.852	Custom indicator wedges [DAX30],M1: loaded successfully
2	02:45:18.858	Custom indicator Admiral Pivot [DAX30],M1: loaded successfully
2	02:45:18.865	Custom indicator AutoTrendChannel [DAX30],M1: loaded successfully
2	02:45:18.871	Custom indicator FRZ Channel Auto Plotter [DAX30],M1: loaded successfully
2	02:45:18.880	Custom indicator FRZ News Indicator MT4 [DAX30],M1: loaded successfully
2	02:45:18.887	Custom indicator Forex Uranus direction [DAX30],M1: loaded successfully
2	02:45:18.948	Custom indicator AIMS AO V.2.1 [DAX30],M1: loaded successfully
2	02:45:18.955	Custom indicator IVT_MACD_ZERO_LAG [DAX30],M1: loaded successfully
2	02:45:18.963	Custom indicator RSI Divergence Levels [DAX30],M1: loaded successfully
2	02:45:18.971	Custom indicator JoeChalhoub_FXForecasterV1 [DAX30],M1: loaded successfully
2	02:45:18.980	Custom indicator TDI-With_Alerts [DAX30],M1: loaded successfully
2	02:45:18.988	Custom indicator FRZ Forex Market Session Indicator [DAX30],M1: loaded successfully
2	02:45:31.038	Custom indicator AIMS Levels V2 [DAX30],M5: loaded successfully
2	02:45:31.115	Custom indicator AIMS Entry Alert V1 [DAX30],M5: loaded successfully
2	02:45:31.121	Custom indicator CandleTimer [DAX30],M5: loaded successfully
2	02:45:31.193	Custom indicator #Signal_Bars_v6 [DAX30],M5: loaded successfully
2	02:45:31.202	Custom indicator TrendEnvelopes_v1 [DAX30],M5: loaded successfully
2	02:45:31.210	Custom indicator guppy_multiple_moving_averages [DAX30],M5: loaded successfully
2	02:45:31.218	Custom indicator wedges [DAX30],M5: loaded successfully
2	02:45:31.226	Custom indicator Admiral Pivot [DAX30],M5: loaded successfully
2	02:45:31.233	Custom indicator AutoTrendChannel [DAX30],M5: loaded successfully
2	02:45:31.241	Custom indicator FRZ Channel Auto Plotter [DAX30],M5: loaded successfully
2	02:45:31.250	Custom indicator FRZ News Indicator MT4 [DAX30],M5: loaded successfully
2	02:45:31.258	Custom indicator Forex Uranus direction [DAX30],M5: loaded successfully
2	02:45:31.266	Custom indicator Quadrilateral [DAX30],M5: loaded successfully
2	02:45:31.340	Custom indicator AIMS AO V.2.1 [DAX30],M5: loaded successfully
2	02:45:31.348	Custom indicator IVT_MACD_ZERO_LAG [DAX30],M5: loaded successfully
2	02:45:31.356	Custom indicator RSI Divergence Levels [DAX30],M5: loaded successfully
2	02:45:31.364	Custom indicator JoeChalhoub_FXForecasterV1 [DAX30],M5: loaded successfully
2	02:45:31.373	Custom indicator TDI-With_Alerts [DAX30],M5: loaded successfully
2	02:45:31.380	Custom indicator FRZ Forex Market Session Indicator [DAX30],M5: loaded successfully
2	02:45:40.779	Custom indicator AIMS Levels V2 [DJI30],M5: loaded successfully
2	02:45:40.854	Custom indicator AIMS Entry Alert V1 [DJI30],M5: loaded successfully
2	02:45:40.861	Custom indicator CandleTimer [DJI30],M5: loaded successfully
2	02:45:40.933	Custom indicator #Signal_Bars_v6 [DJI30],M5: loaded successfully
2	02:45:40.941	Custom indicator TrendEnvelopes_v1 [DJI30],M5: loaded successfully
2	02:45:40.948	Custom indicator guppy_multiple_moving_averages [DJI30],M5: loaded successfully
2	02:45:40.956	Custom indicator wedges [DJI30],M5: loaded successfully
2	02:45:40.964	Custom indicator Admiral Pivot [DJI30],M5: loaded successfully
2	02:45:40.971	Custom indicator AutoTrendChannel [DJI30],M5: loaded successfully
2	02:45:40.979	Custom indicator FRZ Channel Auto Plotter [DJI30],M5: loaded successfully
2	02:45:40.988	Custom indicator FRZ News Indicator MT4 [DJI30],M5: loaded successfully
2	02:45:40.996	Custom indicator Forex Uranus direction [DJI30],M5: loaded successfully
2	02:45:41.005	Custom indicator Quadrilateral [DJI30],M5: loaded successfully
2	02:45:41.075	Custom indicator AIMS AO V.2.1 [DJI30],M5: loaded successfully
2	02:45:41.083	Custom indicator IVT_MACD_ZERO_LAG [DJI30],M5: loaded successfully
2	02:45:41.091	Custom indicator RSI Divergence Levels [DJI30],M5: loaded successfully
2	02:45:41.100	Custom indicator JoeChalhoub_FXForecasterV1 [DJI30],M5: loaded successfully
2	02:45:41.109	Custom indicator TDI-With_Alerts [DJI30],M5: loaded successfully
2	02:45:41.118	Custom indicator FRZ Forex Market Session Indicator [DJI30],M5: loaded successfully
2	02:45:41.133	Expert Admiral - Mini Terminal [DJI30],M5: loaded successfully
2	02:45:50.626	Custom indicator AIMS Levels V2 [DAX30],H1: loaded successfully
2	02:45:50.710	Custom indicator AIMS Entry Alert V1 [DAX30],H1: loaded successfully
2	02:45:50.717	Custom indicator CandleTimer [DAX30],H1: loaded successfully
2	02:45:50.797	Custom indicator #Signal_Bars_v6 [DAX30],H1: loaded successfully
2	02:45:50.806	Custom indicator TrendEnvelopes_v1 [DAX30],H1: loaded successfully
2	02:45:50.814	Custom indicator guppy_multiple_moving_averages [DAX30],H1: loaded successfully
